t=0.499133
-8 2.64711e-16 0
-7.9599 3.65554e-16
-7.9198 5.04002e-16
-7.8797 6.93771e-16 4.13649e-16
-7.8396 9.53459e-16
-7.7995 1.30825e-15
-7.7594 1.79218e-15 1.24203e-15
-7.7193 2.45119e-15
-7.6792 3.34713e-15
-7.6391 4.56323e-15 3.28323e-15
-7.599 6.21118e-15
-7.5589 8.4407e-15
-7.5188 1.14521e-14 8.42606e-15
-7.4787 1.5513e-14
-7.4386 2.09801e-14
-7.3985 2.83285e-14 2.12528e-14
-7.3584 3.81892e-14
-7.3183 5.13998e-14
-7.2782 6.90693e-14 5.27723e-14
-7.2381 9.2664e-14
-7.19799 1.24119e-13
-7.15789 1.65986e-13 1.29035e-13
-7.11779 2.21618e-13
-7.07769 2.95422e-13
-7.03759 3.93172e-13 3.10707e-13
-6.99749 5.22426e-13
-6.95739 6.93059e-13
-6.91729 9.17949e-13 7.36799e-13
-6.87719 1.21386e-12
-6.83709 1.60259e-12
-6.79699 2.11242e-12 1.72074e-12
-6.75689 2.77997e-12
-6.71679 3.6526e-12
-6.67669 4.79146e-12 3.9579e-12
-6.63659 6.27532e-12
-6.59649 8.20554e-12
-6.55639 1.07123e-11 8.96624e-12
-6.51629 1.39623e-11
-6.47619 1.81693e-11
-6.43609 2.36059e-11 2.00062e-11
-6.39599 3.06201e-11
-6.35589 3.96548e-11
-6.31579 5.12728e-11 4.39681e-11
-6.27569 6.61884e-11
-6.23559 8.53061e-11
-6.19549 1.09769e-10 9.51799e-11
-6.15539 1.41021e-10
-6.11529 1.8088e-10
-6.07519 2.31634e-10 2.02954e-10
-6.03509 2.96152e-10
-5.99499 3.78034e-10
-5.95489 4.81781e-10 4.26293e-10
-5.91479 6.13016e-10
-5.87469 7.78749e-10
-5.83459 9.87703e-10 8.82037e-10
-5.79449 1.25071e-09
-5.75439 1.58122e-09
-5.71429 1.99586e-09 1.79782e-09
-5.67419 2.5152e-09
-5.63409 3.16459e-09
-5.59398 3.97525e-09 3.60989e-09
-5.55388 4.98558e-09
-5.51378 6.24266e-09
-5.47368 7.80418e-09 7.14078e-09
-5.43358 9.74065e-09
-5.39348 1.21381e-08
-5.35338 1.51015e-08 1.39158e-08
-5.31328 1.87582e-08
-5.27318 2.32629e-08
-5.23308 2.88033e-08 2.67174e-08
-5.19298 3.56059e-08
-5.15288 4.39447e-08
-5.11278 5.41495e-08 5.05374e-08
-5.07268 6.6617e-08
-5.03258 8.18238e-08
-4.99248 1.00341e-07 9.41832e-08
-4.95238 1.22851e-07
-4.91228 1.5017e-07
-4.87218 1.8327e-07 1.72936e-07
-4.83208 2.23308e-07
-4.79198 2.71656e-07
-4.75188 3.29942e-07 3.12867e-07
-4.71178 4.00092e-07
-4.67168 4.8438e-07
-4.63158 5.85485e-07 5.57705e-07
-4.59148 7.0656e-07
-4.55138 8.51306e-07
-4.51128 1.02406e-06 9.79555e-07
-4.47118 1.2299e-06
-4.43108 1.47475e-06
-4.39098 1.76551e-06 1.69528e-06
-4.35088 2.11021e-06
-4.31078 2.51816e-06
-4.27068 3.00017e-06 2.89101e-06
-4.23058 3.56872e-06
-4.19048 4.23822e-06
-4.15038 5.02524e-06 4.85806e-06
-4.11028 5.94888e-06
-4.07018 7.03099e-06
-4.03008 8.29664e-06 8.04432e-06
-3.98997 9.77444e-06
-3.94987 1.1497e-05
-3.90977 1.35015e-05 1.31261e-05
-3.86967 1.58301e-05
-3.82957 1.85306e-05
-3.78947 2.1657e-05 2.11063e-05
-3.74937 2.52703e-05
-3.70927 2.94393e-05
-3.66917 3.42412e-05 3.34443e-05
-3.62907 3.97626e-05
-3.58897 4.61003e-05
-3.54887 5.33627e-05 5.22247e-05
-3.50877 6.16702e-05
-3.46867 7.11569e-05
-3.42857 8.19714e-05 8.03672e-05
-3.38847 9.42785e-05
-3.34837 0.00010826
-3.30827 0.000124115 0.000121882
-3.26817 0.000142065
-3.22807 0.000162351
-3.18797 0.000185236 0.000182164
-3.14787 0.00021101
-3.10777 0.000239984
-3.06767 0.0002725 0.00026832
-3.02757 0.000308927
-2.98747 0.000349662
-2.94737 0.000395136 0.000389513
-2.90727 0.000445808
-2.86717 0.000502175
-2.82707 0.000564762 0.000557276
-2.78697 0.000634134
-2.74687 0.000710889
-2.70677 0.000795658 0.000785791
-2.66667 0.00088911
-2.62657 0.00099195
-2.58647 0.00110491 0.00109203
-2.54637 0.00122877
-2.50627 0.00136433
-2.46617 0.00151242 0.00149577
-2.42607 0.0016739
-2.38596 0.00184966
-2.34586 0.00204061 0.00201927
-2.30576 0.00224767
-2.26566 0.00247177
-2.22556 0.00271388 0.00268678
-2.18546 0.00297493
-2.14536 0.00325588
-2.10526 0.00355767 0.00352359
-2.06516 0.00388121
-2.02506 0.00422741
-1.98496 0.00459712 0.00455464
-1.94486 0.00499118
-1.90476 0.00541035
-1.86466 0.00585534 0.00580291
-1.82456 0.00632681
-1.78446 0.00682531
-1.74436 0.00735132 0.00728725
-1.70426 0.00790522
-1.66416 0.00848726
-1.62406 0.00909759 0.00902011
-1.58396 0.00973623
-1.54386 0.010403
-1.50376 0.0110978 0.0110051
-1.46366 0.01182
-1.42356 0.0125691
-1.38346 0.0133443 0.0132347
-1.34336 0.0141447
-1.30326 0.0149691
-1.26316 0.0158163 0.0156883
-1.22306 0.0166847
-1.18296 0.0175727
-1.14286 0.0184784 0.0183308
-1.10276 0.0193998
-1.06266 0.0203345
-1.02256 0.0212803 0.0211123
-0.982456 0.0222345
-0.942356 0.0231944
-0.902256 0.0241571 0.0239685
-0.862155 0.0251195
-0.822055 0.0260786
-0.781955 0.0270312 0.0268225
-0.741855 0.0279737
-0.701754 0.028903
-0.661654 0.0298154 0.0295878
-0.621554 0.0307076
-0.581454 0.0315759
-0.541353 0.0324171 0.0321726
-0.501253 0.0332275
-0.461153 0.0340038
-0.421053 0.0347427 0.0344842
-0.380952 0.0354411
-0.340852 0.0360958
-0.300752 0.036704 0.0364349
-0.260652 0.0372629
-0.220551 0.03777
-0.180451 0.0382229 0.0379473
-0.140351 0.0386195
-0.100251 0.038958
-0.0601504 0.0392368 0.0389592
-0.0200501 0.0394547
0.0200501 0.0396104
0.0601504 0.0397034 0.0394283
0.100251 0.0397332
0.140351 0.0396996
0.180451 0.0396028 0.0393347
0.220551 0.0394433
0.260652 0.0392218
0.300752 0.0389394 0.0386826
0.340852 0.0385974
0.380952 0.0381975
0.421053 0.0377415 0.0374998
0.461153 0.0372316
0.501253 0.03667
0.541353 0.0360594 0.0358356
0.581454 0.0354025
0.621554 0.0347021
0.661654 0.0339615 0.0337579
0.701754 0.0331838
0.741855 0.0323722
0.781955 0.0315303 0.0313482
0.822055 0.0306613
0.862155 0.0297688
0.902256 0.0288564 0.0286962
0.942356 0.0279273
0.982456 0.0269852
1.02256 0.0260334 0.0258949
1.06266 0.0250751
1.10276 0.0241138
1.14286 0.0231524 0.0230346
1.18296 0.022194
1.22306 0.0212414
1.26316 0.0202974 0.0201987
1.30326 0.0193645
1.34336 0.0184451
1.38346 0.0175414 0.01746
1.42356 0.0166555
1.46366 0.0157892
1.50376 0.0149442 0.0148779
1.54386 0.0141219
1.58396 0.0133237
1.62406 0.0125506 0.0124974
1.66416 0.0118036
1.70426 0.0110835
1.74436 0.0103907 0.0103484
1.78446 0.00972577
1.82456 0.00908895
1.86466 0.00848034 0.00844697
1.90476 0.00789992
1.94486 0.00734755
1.98496 0.00682296 0.00679683
2.02506 0.00632578
2.06516 0.00585552
2.10526 0.00541162 0.00539124
2.14536 0.00499344
2.18546 0.00460027
2.22556 0.00423134 0.00421546
2.26566 0.00388582
2.30576 0.00356286
2.34586 0.00326157 0.0032492
2.38596 0.00298103
2.42607 0.0027203
2.46617 0.00247844 0.00246878
2.50627 0.00225451
2.54637 0.00204756
2.58647 0.00185667 0.0018491
2.62657 0.00168091
2.66667 0.00151938
2.70677 0.00137119 0.00136524
2.74687 0.00123551
2.78697 0.00111148
2.82707 0.000998329 0.000993644
2.86717 0.000895277
2.90727 0.000801593
2.94737 0.000716577 0.000712889
2.98747 0.000639566
3.02757 0.000569929
3.06767 0.000507072 0.000504176
3.10777 0.000450435
3.14787 0.000399492
3.18797 0.000353751 0.000351487
3.22807 0.000312753
3.26817 0.00027607
3.30827 0.000243305 0.000241549
3.34837 0.00021409
3.38847 0.000188087
3.42857 0.000164981 0.000163631
3.46867 0.000144485
3.50877 0.000126336
3.54887 0.000110293 0.000109267
3.58897 9.61353e-05
3.62907 8.3663e-05
3.66917 7.26942e-05 7.19249e-05
3.70927 6.3064e-05
3.74937 5.46235e-05
3.78947 4.72383e-05 4.66693e-05
3.82957 4.07872e-05
3.86967 3.51618e-05
3.90977 3.02646e-05 2.985e-05
3.94987 2.60085e-05
3.98997 2.23158e-05
4.03008 1.91173e-05 1.882e-05
4.07018 1.63515e-05
4.11028 1.39639e-05
4.15038 1.19063e-05 1.16964e-05
4.19048 1.01359e-05
4.23058 8.61518e-06
4.27068 7.31116e-06 7.1655e-06
4.31078 6.1948e-06
4.35088 5.24067e-06
4.39098 4.42655e-06 4.32712e-06
4.43108 3.73305e-06
4.47118 3.14327e-06
4.51128 2.64252e-06 2.57579e-06
4.55138 2.21808e-06
4.59148 1.85889e-06
4.63158 1.55544e-06 1.5114e-06
4.67168 1.29949e-06
4.71178 1.08396e-06
4.75188 9.02764e-07 8.74192e-07
4.79198 7.50684e-07
4.83208 6.2325e-07
4.87218 5.16642e-07 4.98418e-07
4.91228 4.27602e-07
4.95238 3.53356e-07
4.99248 2.91547e-07 2.80117e-07
5.03258 2.40175e-07
5.07268 1.97547e-07
5.11278 1.62232e-07 1.55183e-07
5.15288 1.33023e-07
5.19298 1.08904e-07
5.23308 8.9019e-08 8.47448e-08
5.27318 7.26522e-08
5.31328 5.92025e-08
5.35338 4.81678e-08 4.56188e-08
5.39348 3.91292e-08
5.43358 3.17374e-08
5.47368 2.57021e-08 2.42069e-08
5.51378 2.07823e-08
5.55388 1.67782e-08
5.59398 1.35247e-08 1.26621e-08
5.63409 1.08852e-08
5.67419 8.74733e-09
5.71429 7.01849e-09 6.52891e-09
5.75439 5.62266e-09
5.79449 4.49749e-09
5.83459 3.59194e-09 3.31858e-09
5.87469 2.86431e-09
5.91479 2.28056e-09
5.95489 1.81299e-09 1.66281e-09
5.99499 1.43907e-09
6.03509 1.14052e-09
6.07519 9.02521e-10 8.21336e-10
6.11529 7.13092e-10
6.15539 5.6256e-10
6.19549 4.43126e-10 3.99936e-10
6.23559 3.48515e-10
6.27569 2.73685e-10
6.31579 2.14595e-10 1.91982e-10
6.35589 1.68006e-10
6.39599 1.31331e-10
6.43609 1.02506e-10 9.08525e-11
6.47619 7.98861e-11
6.51629 6.21631e-11
6.55639 4.82987e-11 4.2387e-11
6.59649 3.74696e-11
6.63659 2.90245e-11
6.67669 2.24489e-11 1.94965e-11
6.71679 1.73367e-11
6.75689 1.33685e-11
6.79699 1.02931e-11 8.84147e-12
6.83709 7.91322e-12
6.87719 6.07446e-12
6.91729 4.65596e-12 3.9532e-12
6.95739 3.56336e-12
6.99749 2.72307e-12
7.03759 2.07782e-12 1.74279e-12
7.07769 1.5831e-12
7.11779 1.20437e-12
7.15789 9.14884e-13 7.57588e-13
7.19799 6.93945e-13
7.2381 5.2558e-13
7.2782 3.97474e-13 3.24735e-13
7.3183 3.00148e-13
7.3584 2.26318e-13
7.3985 1.70397e-13 1.37257e-13
7.4386 1.28105e-13
7.4787 9.61681e-14
7.5188 7.20872e-14 5.71911e-14
7.5589 5.39572e-14
7.599 4.03279e-14
7.6391 3.00973e-14 2.34414e-14
7.6792 2.24294e-14
7.7193 1.66907e-14
7.7594 1.24024e-14 9.31541e-15
7.7995 9.20249e-15
7.8396 6.81834e-15
7.8797 5.04461e-15 3.23007e-15
7.9198 3.72693e-15
7.9599 2.7495e-15
8 2.02552e-15 0
