0.00964818 0.00362827
0.0102914 0.00342164
0.0109346 0.00328126
0.0115778 0.00312951
0.012221 0.00300869
0.0128642 0.00288959
0.0135075 0.00278652
0.0141507 0.00268881
0.0147939 0.00260084
0.0154371 0.00251848
0.0160803 0.00244282
0.0167235 0.0023721
0.0173667 0.00230641
0.0180099 0.00224487
0.0186531 0.00218728
0.0192964 0.00213315
0.0199396 0.00208223
0.0205828 0.00203419
0.021226 0.00198882
0.0218692 0.00194586
0.0225124 0.00190514
0.0231556 0.00186648
0.0237988 0.00182971
0.0244421 0.0017947
0.0250853 0.00176132
0.0257285 0.00172945
0.0263717 0.00169899
0.0270149 0.00166984
0.0276581 0.00164192
0.0283013 0.00161515
0.0289445 0.00158945
0.0295878 0.00156477
0.030231 0.00154103
0.0308742 0.00151819
0.0315174 0.00149619
0.0321606 0.00147499
0.0328038 0.00145453
0.033447 0.00143479
0.0340902 0.00141572
0.0347335 0.00139728
0.0353767 0.00137945
0.0360199 0.00136219
0.0366631 0.00134548
0.0373063 0.00132929
0.0379495 0.00131359
0.0385927 0.00129836
0.0392359 0.00128358
0.0398791 0.00126923
0.0405224 0.00125528
0.0411656 0.00124173
0.0418088 0.00122856
0.042452 0.00121574
0.0430952 0.00120327
0.0437384 0.00119112
0.0443816 0.00117929
0.0450248 0.00116777
0.0456681 0.00115653
0.0463113 0.00114558
0.0469545 0.00113489
0.0475977 0.00112446
0.0482409 0.00111428
0.0488841 0.00110435
0.0495273 0.00109464
0.0501705 0.00108515
0.0508138 0.00107588
0.051457 0.00106682
0.0521002 0.00105795
0.0527434 0.00104928
0.0533866 0.0010408
0.0540298 0.00103249
0.054673 0.00102436
0.0553162 0.0010164
0.0559594 0.0010086
0.0566027 0.00100096
0.0572459 0.000993475
0.0578891 0.000986136
0.0585323 0.00097894
0.0591755 0.000971884
0.0598187 0.000964962
0.0604619 0.000958172
0.0611051 0.000951508
0.0617484 0.000944968
0.0623916 0.000938548
0.0630348 0.000932244
0.063678 0.000926053
0.0643212 0.000919972
0.0649644 0.000913998
0.0656076 0.000908128
0.0662508 0.000902358
0.0668941 0.000896687
0.0675373 0.000891112
0.0681805 0.00088563
0.0688237 0.000880239
0.0694669 0.000874936
0.0701101 0.000869719
0.0707533 0.000864586
0.0713965 0.000859534
0.0720397 0.000854563
0.072683 0.000849669
0.0733262 0.000844851
0.0739694 0.000840107
0.0746126 0.000835435
0.0752558 0.000830926
0.075899 0.0008265
0.0765422 0.000822138
0.0771854 0.000817837
0.0778287 0.000813596
0.0784719 0.000809415
0.0791151 0.000805291
0.0797583 0.000801224
0.0804015 0.000797212
0.0810447 0.000793254
0.0816879 0.000789349
0.0823311 0.000785496
0.0829744 0.000781694
0.0836176 0.000777942
0.0842608 0.000774238
0.084904 0.000770582
0.0855472 0.000766972
0.0861904 0.000763409
0.0868336 0.00075989
0.0874768 0.000756416
0.08812 0.000752984
0.0887633 0.000749595
0.0894065 0.000746247
0.0900497 0.00074294
0.0906929 0.000739673
0.0913361 0.000736445
0.0919793 0.000733255
0.0926225 0.000730103
0.0932657 0.000726988
0.093909 0.000723909
0.0945522 0.000720866
0.0951954 0.000717858
0.0958386 0.000714884
0.0964818 0.000711944
0.097125 0.000709037
0.0977682 0.000706162
0.0984114 0.00070332
0.0990547 0.000700509
0.0996979 0.000697729
0.100341 0.000694979
0.100984 0.000692258
0.101628 0.000689567
0.102271 0.000686905
0.102914 0.000684271
0.103557 0.000681665
0.1042 0.000679087
0.104844 0.000676535
0.105487 0.000674009
0.10613 0.00067151
0.106773 0.000669036
0.107416 0.000666587
0.10806 0.000664164
0.108703 0.000661764
0.109346 0.000659389
0.109989 0.000657037
0.110632 0.000654708
0.111276 0.000652402
0.111919 0.000650119
0.112562 0.000647858
0.113205 0.000645618
0.113849 0.0006434
0.114492 0.000641204
0.115135 0.000639028
0.115778 0.000636872
0.116421 0.000634737
0.117065 0.000632622
0.117708 0.000630526
0.118351 0.00062845
0.118994 0.000626393
0.119637 0.000624354
0.120281 0.000622334
0.120924 0.000620332
0.121567 0.000618349
0.12221 0.000616382
0.122853 0.000614434
0.123497 0.000612502
0.12414 0.000610588
0.124783 0.00060869
0.125426 0.000606809
0.12607 0.000604944
0.126713 0.000603095
0.127356 0.000601262
0.127999 0.000599444
0.128642 0.000597642
0.129286 0.000595855
0.129929 0.000594083
0.130572 0.000592326
0.131215 0.000590583
0.131858 0.000588855
0.132502 0.000587141
0.133145 0.000585441
0.133788 0.000583754
0.134431 0.000582082
0.135075 0.000580423
0.135718 0.000578777
0.136361 0.000577144
0.137004 0.000575524
0.137647 0.000573917
0.138291 0.000572323
0.138934 0.000570741
0.139577 0.000569172
0.14022 0.000567615
0.140863 0.000566069
0.141507 0.000564536
0.14215 0.000563014
0.142793 0.000561504
0.143436 0.000560005
0.144079 0.000558518
0.144723 0.000557042
0.145366 0.000555576
0.146009 0.000554122
0.146652 0.000552678
0.147296 0.000551246
0.147939 0.000549823
0.148582 0.000548411
0.149225 0.000547009
0.149868 0.000545618
0.150512 0.000544236
0.151155 0.000542864
0.151798 0.000541503
0.152441 0.00054015
0.153084 0.000538808
0.153728 0.000537475
0.154371 0.000536151
0.155014 0.000534836
0.155657 0.000533531
0.156301 0.000532234
0.156944 0.000530947
0.157587 0.000529668
0.15823 0.000528399
0.158873 0.000527137
0.159517 0.000525885
0.16016 0.000524641
0.160803 0.000523405
0.161446 0.000522177
0.162089 0.000520958
0.162733 0.000519747
0.163376 0.000518544
0.164019 0.000517349
0.164662 0.000516161
0.165305 0.000514982
0.165949 0.00051381
0.166592 0.000512645
0.167235 0.000511488
0.167878 0.000510339
0.168522 0.000509197
0.169165 0.000508062
0.169808 0.000506935
0.170451 0.000505815
0.171094 0.000504701
0.171738 0.000503595
0.172381 0.000502496
0.173024 0.000501403
0.173667 0.000500317
0.17431 0.000499238
0.174954 0.000498166
0.175597 0.0004971
0.17624 0.000496041
0.176883 0.000494988
0.177527 0.000493942
0.17817 0.000492902
0.178813 0.000491868
0.179456 0.000490841
0.180099 0.000489819
0.180743 0.000488804
0.181386 0.000487794
0.182029 0.000486791
0.182672 0.000485794
0.183315 0.000484802
0.183959 0.000483816
0.184602 0.000482836
0.185245 0.000481862
0.185888 0.000480893
0.186531 0.00047993
0.187175 0.000478973
0.187818 0.000478021
0.188461 0.000477074
0.189104 0.000476133
0.189748 0.000475197
0.190391 0.000474266
0.191034 0.000473341
0.191677 0.000472421
0.19232 0.000471506
0.192964 0.000470596
0.193607 0.000469691
0.19425 0.000468791
0.194893 0.000467896
0.195536 0.000467006
0.19618 0.000466121
0.196823 0.00046524
0.197466 0.000464365
0.198109 0.000463494
0.198753 0.000462628
0.199396 0.000461766
0.200039 0.00046091
0.200682 0.000460057
0.201325 0.00045921
0.201969 0.000458366
0.202612 0.000457528
0.203255 0.000456693
0.203898 0.000455863
0.204541 0.000455038
0.205185 0.000454217
0.205828 0.0004534
0.206471 0.000452587
0.207114 0.000451778
0.207757 0.000450974
0.208401 0.000450174
0.209044 0.000449377
0.209687 0.000448585
0.21033 0.000447797
0.210974 0.000447013
0.211617 0.000446233
0.21226 0.000445457
0.212903 0.000444685
0.213546 0.000443916
0.21419 0.000443152
0.214833 0.000442391
0.215476 0.000441634
0.216119 0.000440881
0.216762 0.000440131
0.217406 0.000439391
0.218049 0.000438654
0.218692 0.000437921
0.219335 0.000437191
0.219979 0.000436465
0.220622 0.000435743
0.221265 0.000435024
0.221908 0.000434308
0.222551 0.000433595
0.223195 0.000432886
0.223838 0.000432181
0.224481 0.000431478
0.225124 0.000430779
0.225767 0.000430083
0.226411 0.000429391
0.227054 0.000428701
0.227697 0.000428015
0.22834 0.000427332
0.228983 0.000426652
0.229627 0.000425976
0.23027 0.000425302
0.230913 0.000424631
0.231556 0.000423964
0.2322 0.000423299
0.232843 0.000422638
0.233486 0.000421979
0.234129 0.000421323
0.234772 0.000420671
0.235416 0.000420021
0.236059 0.000419374
0.236702 0.00041873
0.237345 0.000418089
0.237988 0.000417451
0.238632 0.000416816
0.239275 0.000416183
0.239918 0.000415553
0.240561 0.000414926
0.241205 0.000414301
0.241848 0.00041368
0.242491 0.000413061
0.243134 0.000412444
0.243777 0.000411831
0.244421 0.00041122
0.245064 0.000410611
0.245707 0.000410006
0.24635 0.000409402
0.246993 0.000408802
0.247637 0.000408204
0.24828 0.000407608
0.248923 0.000407015
0.249566 0.000406425
0.250209 0.000405836
0.250853 0.000405251
0.251496 0.000404668
0.252139 0.000404087
0.252782 0.000403509
0.253426 0.000402933
0.254069 0.000402359
0.254712 0.000401788
0.255355 0.000401219
0.255998 0.000400653
0.256642 0.000400089
0.257285 0.000399527
0.257928 0.000398967
0.258571 0.00039841
0.259214 0.000397855
0.259858 0.000397302
0.260501 0.000396751
0.261144 0.000396203
0.261787 0.000395657
0.262431 0.000395113
0.263074 0.000394571
0.263717 0.000394031
0.26436 0.000393494
0.265003 0.000392958
0.265647 0.000392425
0.26629 0.000391894
0.266933 0.000391365
0.267576 0.000390838
0.268219 0.000390313
0.268863 0.00038979
0.269506 0.000389269
0.270149 0.00038875
0.270792 0.000388233
0.271435 0.000387719
0.272079 0.000387206
0.272722 0.000386695
0.273365 0.000386186
0.274008 0.000385679
0.274652 0.000385174
0.275295 0.000384671
0.275938 0.000384169
0.276581 0.00038367
0.277224 0.000383173
0.277868 0.000382677
0.278511 0.000382183
0.279154 0.000381692
0.279797 0.000381202
0.28044 0.000380713
0.281084 0.000380227
0.281727 0.000379743
0.28237 0.00037926
0.283013 0.000378779
0.283657 0.0003783
0.2843 0.000377822
0.284943 0.000377347
0.285586 0.000376873
0.286229 0.0003764
0.286873 0.00037593
0.287516 0.000375461
0.288159 0.000374994
0.288802 0.000374529
0.289445 0.000374065
0.290089 0.000373603
0.290732 0.000373143
0.291375 0.000372684
0.292018 0.000372227
0.292661 0.000371772
0.293305 0.000371318
0.293948 0.000370866
0.294591 0.000370415
0.295234 0.000369966
0.295878 0.000369519
0.296521 0.000369073
0.297164 0.000368629
0.297807 0.000368186
0.29845 0.000367745
0.299094 0.000367305
0.299737 0.000366867
0.30038 0.000366431
0.301023 0.000365996
0.301666 0.000365562
0.30231 0.00036513
0.302953 0.0003647
0.303596 0.000364271
0.304239 0.000363843
0.304883 0.000363417
0.305526 0.000362992
0.306169 0.000362569
0.306812 0.000362147
0.307455 0.000361727
0.308099 0.000361308
0.308742 0.000360891
0.309385 0.000360474
0.310028 0.00036006
0.310671 0.000359646
0.311315 0.000359235
0.311958 0.000358824
0.312601 0.000358415
0.313244 0.000358007
0.313887 0.000357601
0.314531 0.000357196
0.315174 0.000356792
0.315817 0.000356389
0.31646 0.000355988
0.317104 0.000355589
0.317747 0.00035519
0.31839 0.000354793
0.319033 0.000354397
0.319676 0.000354003
0.32032 0.000353609
0.320963 0.000353217
0.321606 0.000352827
0.322249 0.000352437
0.322892 0.000352049
0.323536 0.000351662
0.324179 0.000351276
0.324822 0.000350892
0.325465 0.000350509
0.326109 0.000350127
0.326752 0.000349746
0.327395 0.000349366
0.328038 0.000348988
0.328681 0.000348611
0.329325 0.000348235
0.329968 0.00034786
0.330611 0.000347486
0.331254 0.000347114
0.331897 0.000346743
0.332541 0.000346373
0.333184 0.000346004
0.333827 0.000345636
0.33447 0.000345269
0.335113 0.000344904
0.335757 0.000344539
0.3364 0.000344176
0.337043 0.000343814
0.337686 0.000343453
0.33833 0.000343093
0.338973 0.000342734
0.339616 0.000342376
0.340259 0.00034202
0.340902 0.000341664
0.341546 0.00034131
0.342189 0.000340957
0.342832 0.000340604
0.343475 0.000340253
0.344118 0.000339903
0.344762 0.000339554
0.345405 0.000339206
0.346048 0.000338859
0.346691 0.000338513
0.347335 0.000338168
0.347978 0.000337824
0.348621 0.000337481
0.349264 0.000337139
0.349907 0.000336798
0.350551 0.000336459
0.351194 0.00033612
0.351837 0.000335782
0.35248 0.000335445
0.353123 0.000335109
0.353767 0.000334774
0.35441 0.000334441
0.355053 0.000334108
0.355696 0.000333776
0.356339 0.000333445
0.356983 0.000333115
0.357626 0.000332786
0.358269 0.000332458
0.358912 0.000332131
0.359556 0.000331805
0.360199 0.000331479
0.360842 0.000331155
0.361485 0.000330832
0.362128 0.000330509
0.362772 0.000330188
0.363415 0.000329867
0.364058 0.000329547
0.364701 0.000329229
0.365344 0.000328911
0.365988 0.000328594
0.366631 0.000328278
0.367274 0.000327963
0.367917 0.000327648
0.36856 0.000327335
0.369204 0.000327022
0.369847 0.000326711
0.37049 0.0003264
0.371133 0.00032609
0.371777 0.000325781
0.37242 0.000325473
0.373063 0.000325166
0.373706 0.000324859
0.374349 0.000324553
0.374993 0.000324249
0.375636 0.000323945
0.376279 0.000323642
0.376922 0.000323339
0.377565 0.000323038
0.378209 0.000322737
0.378852 0.000322438
0.379495 0.000322139
0.380138 0.00032184
0.380782 0.000321543
0.381425 0.000321247
0.382068 0.000320951
0.382711 0.000320656
0.383354 0.000320362
0.383998 0.000320068
0.384641 0.000319776
0.385284 0.000319484
0.385927 0.000319193
0.38657 0.000318903
0.387214 0.000318614
0.387857 0.000318325
0.3885 0.000318037
0.389143 0.00031775
0.389786 0.000317464
0.39043 0.000317178
0.391073 0.000316893
0.391716 0.000316609
0.392359 0.000316326
0.393003 0.000316043
0.393646 0.000315761
0.394289 0.00031548
0.394932 0.0003152
0.395575 0.00031492
0.396219 0.000314641
0.396862 0.000314363
0.397505 0.000314086
0.398148 0.000313809
0.398791 0.000313533
0.399435 0.000313258
0.400078 0.000312983
0.400721 0.000312709
0.401364 0.000312436
0.402008 0.000312164
0.402651 0.000311892
0.403294 0.000311621
0.403937 0.00031135
0.40458 0.000311081
0.405224 0.000310812
0.405867 0.000310544
0.40651 0.000310276
0.407153 0.000310009
0.407796 0.000309743
0.40844 0.000309477
0.409083 0.000309212
0.409726 0.000308948
0.410369 0.000308684
0.411012 0.000308421
0.411656 0.000308159
0.412299 0.000307897
0.412942 0.000307637
0.413585 0.000307376
0.414229 0.000307117
0.414872 0.000306858
0.415515 0.000306599
0.416158 0.000306341
0.416801 0.000306084
0.417445 0.000305828
0.418088 0.000305572
0.418731 0.000305317
0.419374 0.000305062
0.420017 0.000304808
0.420661 0.000304555
0.421304 0.000304302
0.421947 0.00030405
0.42259 0.000303799
0.423234 0.000303548
0.423877 0.000303298
0.42452 0.000303048
0.425163 0.000302799
0.425806 0.000302551
0.42645 0.000302303
0.427093 0.000302056
0.427736 0.000301809
0.428379 0.000301563
0.429022 0.000301318
0.429666 0.000301073
0.430309 0.000300829
0.430952 0.000300585
0.431595 0.000300342
0.432238 0.000300099
0.432882 0.000299858
0.433525 0.000299616
0.434168 0.000299375
0.434811 0.000299135
0.435455 0.000298896
0.436098 0.000298656
0.436741 0.000298418
0.437384 0.00029818
0.438027 0.000297943
0.438671 0.000297706
0.439314 0.00029747
0.439957 0.000297234
0.4406 0.000296999
0.441243 0.000296764
0.441887 0.00029653
0.44253 0.000296296
0.443173 0.000296063
0.443816 0.000295831
0.44446 0.000295599
0.445103 0.000295368
0.445746 0.000295137
0.446389 0.000294907
0.447032 0.000294677
0.447676 0.000294448
0.448319 0.000294219
0.448962 0.000293991
0.449605 0.000293763
0.450248 0.000293536
0.450892 0.000293309
0.451535 0.000293083
0.452178 0.000292858
0.452821 0.000292633
0.453464 0.000292408
0.454108 0.000292184
0.454751 0.00029196
0.455394 0.000291737
0.456037 0.000291515
0.456681 0.000291293
0.457324 0.000291071
0.457967 0.00029085
0.45861 0.00029063
0.459253 0.00029041
0.459897 0.00029019
0.46054 0.000289971
0.461183 0.000289752
0.461826 0.000289534
0.462469 0.000289317
0.463113 0.0002891
0.463756 0.000288883
0.464399 0.000288667
0.465042 0.000288451
0.465686 0.000288236
0.466329 0.000288021
0.466972 0.000287807
0.467615 0.000287593
0.468258 0.00028738
0.468902 0.000287167
0.469545 0.000286954
0.470188 0.000286743
0.470831 0.000286531
0.471474 0.00028632
0.472118 0.00028611
0.472761 0.000285899
0.473404 0.00028569
0.474047 0.000285481
0.47469 0.000285272
0.475334 0.000285064
0.475977 0.000284856
0.47662 0.000284649
0.477263 0.000284442
0.477907 0.000284235
0.47855 0.000284029
0.479193 0.000283823
0.479836 0.000283618
0.480479 0.000283414
0.481123 0.000283209
0.481766 0.000283006
0.482409 0.000282802
0.483052 0.000282599
0.483695 0.000282397
0.484339 0.000282194
0.484982 0.000281993
0.485625 0.000281792
0.486268 0.000281591
0.486912 0.00028139
0.487555 0.00028119
0.488198 0.000280991
0.488841 0.000280792
0.489484 0.000280593
0.490128 0.000280395
0.490771 0.000280197
0.491414 0.000279999
0.492057 0.000279802
0.4927 0.000279605
0.493344 0.000279409
0.493987 0.000279213
0.49463 0.000279018
0.495273 0.000278823
0.495916 0.000278628
0.49656 0.000278434
0.497203 0.00027824
0.497846 0.000278047
0.498489 0.000277854
0.499133 0.000277661
0.499776 0.000277469
0.500419 0.000277277
0.501062 0.000277086
0.501705 0.000276894
0.502349 0.000276704
0.502992 0.000276513
0.503635 0.000276324
0.504278 0.000276134
0.504921 0.000275945
0.505565 0.000275756
0.506208 0.000275568
0.506851 0.00027538
0.507494 0.000275192
0.508138 0.000275005
0.508781 0.000274818
0.509424 0.000274632
0.510067 0.000274446
0.51071 0.00027426
0.511354 0.000274075
0.511997 0.00027389
0.51264 0.000273705
0.513283 0.000273521
0.513926 0.000273337
0.51457 0.000273153
0.515213 0.00027297
0.515856 0.000272788
0.516499 0.000272605
0.517142 0.000272423
0.517786 0.000272241
0.518429 0.00027206
0.519072 0.000271879
0.519715 0.000271698
0.520359 0.000271518
0.521002 0.000271338
0.521645 0.000271159
0.522288 0.00027098
0.522931 0.000270801
0.523575 0.000270622
0.524218 0.000270444
0.524861 0.000270266
0.525504 0.000270089
0.526147 0.000269912
0.526791 0.000269735
0.527434 0.000269558
0.528077 0.000269382
0.52872 0.000269207
0.529364 0.000269031
0.530007 0.000268856
0.53065 0.000268681
0.531293 0.000268507
0.531936 0.000268333
0.53258 0.000268159
0.533223 0.000267986
0.533866 0.000267813
0.534509 0.00026764
0.535152 0.000267468
0.535796 0.000267296
0.536439 0.000267124
0.537082 0.000266953
0.537725 0.000266781
0.538368 0.000266611
0.539012 0.00026644
0.539655 0.00026627
0.540298 0.0002661
0.540941 0.000265931
0.541585 0.000265762
0.542228 0.000265593
0.542871 0.000265424
0.543514 0.000265256
0.544157 0.000265088
0.544801 0.000264921
0.545444 0.000264754
0.546087 0.000264587
0.54673 0.00026442
0.547373 0.000264254
0.548017 0.000264088
0.54866 0.000263922
0.549303 0.000263757
0.549946 0.000263592
0.55059 0.000263427
0.551233 0.000263262
0.551876 0.000263098
0.552519 0.000262934
0.553162 0.000262771
0.553806 0.000262607
0.554449 0.000262445
0.555092 0.000262282
0.555735 0.00026212
0.556378 0.000261957
0.557022 0.000261796
0.557665 0.000261634
0.558308 0.000261473
0.558951 0.000261312
0.559594 0.000261152
0.560238 0.000260991
0.560881 0.000260831
0.561524 0.000260672
0.562167 0.000260512
0.562811 0.000260353
0.563454 0.000260194
0.564097 0.000260036
0.56474 0.000259877
0.565383 0.00025972
0.566027 0.000259562
0.56667 0.000259404
0.567313 0.000259247
0.567956 0.00025909
0.568599 0.000258934
0.569243 0.000258778
0.569886 0.000258622
0.570529 0.000258466
0.571172 0.00025831
0.571816 0.000258155
0.572459 0.000258
0.573102 0.000257846
0.573745 0.000257692
0.574388 0.000257537
0.575032 0.000257384
0.575675 0.00025723
0.576318 0.000257077
0.576961 0.000256924
0.577604 0.000256771
0.578248 0.000256619
0.578891 0.000256467
0.579534 0.000256315
0.580177 0.000256163
0.58082 0.000256012
0.581464 0.000255861
0.582107 0.00025571
0.58275 0.000255559
0.583393 0.000255409
0.584037 0.000255259
0.58468 0.000255109
0.585323 0.00025496
0.585966 0.00025481
0.586609 0.000254661
0.587253 0.000254513
0.587896 0.000254364
0.588539 0.000254216
0.589182 0.000254068
0.589825 0.00025392
0.590469 0.000253773
0.591112 0.000253626
0.591755 0.000253479
0.592398 0.000253332
0.593042 0.000253186
0.593685 0.000253039
0.594328 0.000252893
0.594971 0.000252748
0.595614 0.000252602
0.596258 0.000252457
0.596901 0.000252312
0.597544 0.000252167
0.598187 0.000252023
0.59883 0.000251879
0.599474 0.000251735
0.600117 0.000251591
0.60076 0.000251448
0.601403 0.000251304
0.602046 0.000251161
0.60269 0.000251019
0.603333 0.000250876
0.603976 0.000250734
0.604619 0.000250592
0.605263 0.00025045
0.605906 0.000250308
0.606549 0.000250167
0.607192 0.000250026
0.607835 0.000249885
0.608479 0.000249745
0.609122 0.000249604
0.609765 0.000249464
0.610408 0.000249324
0.611051 0.000249185
0.611695 0.000249045
0.612338 0.000248906
0.612981 0.000248767
0.613624 0.000248628
0.614267 0.00024849
0.614911 0.000248351
0.615554 0.000248213
0.616197 0.000248076
0.61684 0.000247938
0.617484 0.000247801
0.618127 0.000247663
0.61877 0.000247527
0.619413 0.00024739
0.620056 0.000247253
0.6207 0.000247117
0.621343 0.000246981
0.621986 0.000246845
0.622629 0.00024671
0.623272 0.000246574
0.623916 0.000246439
0.624559 0.000246304
0.625202 0.00024617
0.625845 0.000246035
0.626489 0.000245901
0.627132 0.000245767
0.627775 0.000245633
0.628418 0.000245499
0.629061 0.000245366
0.629705 0.000245233
0.630348 0.0002451
0.630991 0.000244967
0.631634 0.000244835
0.632277 0.000244702
0.632921 0.00024457
0.633564 0.000244438
0.634207 0.000244307
0.63485 0.000244175
0.635493 0.000244044
0.636137 0.000243913
0.63678 0.000243782
0.637423 0.000243651
0.638066 0.000243521
0.63871 0.000243391
0.639353 0.000243261
0.639996 0.000243131
0.640639 0.000243001
0.641282 0.000242872
0.641926 0.000242743
0.642569 0.000242614
0.643212 0.000242485
0.643855 0.000242356
0.644498 0.000242228
0.645142 0.0002421
0.645785 0.000241972
0.646428 0.000241844
0.647071 0.000241717
0.647715 0.000241589
0.648358 0.000241462
0.649001 0.000241335
0.649644 0.000241208
0.650287 0.000241082
0.650931 0.000240955
0.651574 0.000240829
0.652217 0.000240703
0.65286 0.000240577
0.653503 0.000240452
0.654147 0.000240326
0.65479 0.000240201
0.655433 0.000240076
0.656076 0.000239951
0.656719 0.000239827
0.657363 0.000239702
0.658006 0.000239578
0.658649 0.000239454
0.659292 0.00023933
0.659936 0.000239207
0.660579 0.000239083
0.661222 0.00023896
0.661865 0.000238837
0.662508 0.000238714
0.663152 0.000238591
0.663795 0.000238469
0.664438 0.000238346
0.665081 0.000238224
0.665724 0.000238102
0.666368 0.00023798
0.667011 0.000237859
0.667654 0.000237737
0.668297 0.000237616
0.668941 0.000237495
0.669584 0.000237374
0.670227 0.000237253
0.67087 0.000237133
0.671513 0.000237013
0.672157 0.000236892
0.6728 0.000236773
0.673443 0.000236653
0.674086 0.000236533
0.674729 0.000236414
0.675373 0.000236295
0.676016 0.000236175
0.676659 0.000236057
0.677302 0.000235938
0.677945 0.000235819
0.678589 0.000235701
0.679232 0.000235583
0.679875 0.000235465
0.680518 0.000235347
0.681162 0.000235229
0.681805 0.000235112
0.682448 0.000234995
0.683091 0.000234878
0.683734 0.000234761
0.684378 0.000234644
0.685021 0.000234527
0.685664 0.000234411
0.686307 0.000234295
0.68695 0.000234179
0.687594 0.000234063
0.688237 0.000233947
0.68888 0.000233831
0.689523 0.000233716
0.690167 0.000233601
0.69081 0.000233486
0.691453 0.000233371
0.692096 0.000233256
0.692739 0.000233141
0.693383 0.000233027
0.694026 0.000232913
0.694669 0.000232799
0.695312 0.000232685
0.695955 0.000232571
0.696599 0.000232458
0.697242 0.000232344
0.697885 0.000232231
0.698528 0.000232118
0.699171 0.000232005
0.699815 0.000231892
0.700458 0.00023178
0.701101 0.000231667
0.701744 0.000231555
0.702388 0.000231443
0.703031 0.000231331
0.703674 0.000231219
0.704317 0.000231108
0.70496 0.000230996
0.705604 0.000230885
0.706247 0.000230774
0.70689 0.000230663
0.707533 0.000230552
0.708176 0.000230442
0.70882 0.000230331
0.709463 0.000230221
0.710106 0.000230111
0.710749 0.000230001
0.711393 0.000229891
0.712036 0.000229781
0.712679 0.000229671
0.713322 0.000229562
0.713965 0.000229453
0.714609 0.000229344
0.715252 0.000229235
0.715895 0.000229126
0.716538 0.000229017
0.717181 0.000228909
0.717825 0.000228801
0.718468 0.000228693
0.719111 0.000228585
0.719754 0.000228477
0.720397 0.000228369
0.721041 0.000228261
0.721684 0.000228154
0.722327 0.000228047
0.72297 0.00022794
0.723614 0.000227833
0.724257 0.000227726
0.7249 0.000227619
0.725543 0.000227513
0.726186 0.000227406
0.72683 0.0002273
0.727473 0.000227194
0.728116 0.000227088
0.728759 0.000226982
0.729402 0.000226877
0.730046 0.000226771
0.730689 0.000226666
0.731332 0.000226561
0.731975 0.000226456
0.732619 0.000226351
0.733262 0.000226246
0.733905 0.000226142
0.734548 0.000226037
0.735191 0.000225933
0.735835 0.000225829
0.736478 0.000225725
0.737121 0.000225621
0.737764 0.000225517
0.738407 0.000225413
0.739051 0.00022531
0.739694 0.000225207
0.740337 0.000225103
0.74098 0.000225
0.741623 0.000224898
0.742267 0.000224795
0.74291 0.000224692
0.743553 0.00022459
0.744196 0.000224487
0.74484 0.000224385
0.745483 0.000224283
0.746126 0.000224181
0.746769 0.000224079
0.747412 0.000223978
0.748056 0.000223876
0.748699 0.000223775
0.749342 0.000223674
0.749985 0.000223573
0.750628 0.000223472
0.751272 0.000223371
0.751915 0.00022327
0.752558 0.00022317
0.753201 0.000223069
0.753845 0.000222969
0.754488 0.000222869
0.755131 0.000222769
0.755774 0.000222669
0.756417 0.000222569
0.757061 0.000222469
0.757704 0.00022237
0.758347 0.000222271
0.75899 0.000222171
0.759633 0.000222072
0.760277 0.000221973
0.76092 0.000221875
0.761563 0.000221776
0.762206 0.000221677
0.762849 0.000221579
0.763493 0.000221481
0.764136 0.000221382
0.764779 0.000221284
0.765422 0.000221186
0.766066 0.000221089
0.766709 0.000220991
0.767352 0.000220894
0.767995 0.000220796
0.768638 0.000220699
0.769282 0.000220602
0.769925 0.000220505
0.770568 0.000220408
0.771211 0.000220311
0.771854 0.000220214
0.772498 0.000220118
0.773141 0.000220022
0.773784 0.000219925
0.774427 0.000219829
0.775071 0.000219733
0.775714 0.000219637
0.776357 0.000219542
0.777 0.000219446
0.777643 0.00021935
0.778287 0.000219255
0.77893 0.00021916
0.779573 0.000219065
0.780216 0.00021897
0.780859 0.000218875
0.781503 0.00021878
0.782146 0.000218685
0.782789 0.000218591
0.783432 0.000218496
0.784075 0.000218402
0.784719 0.000218308
0.785362 0.000218214
0.786005 0.00021812
0.786648 0.000218026
0.787292 0.000217933
0.787935 0.000217839
0.788578 0.000217746
0.789221 0.000217652
0.789864 0.000217559
0.790508 0.000217466
0.791151 0.000217373
0.791794 0.00021728
0.792437 0.000217187
0.79308 0.000217095
0.793724 0.000217002
0.794367 0.00021691
0.79501 0.000216818
0.795653 0.000216726
0.796297 0.000216634
0.79694 0.000216542
0.797583 0.00021645
0.798226 0.000216358
0.798869 0.000216267
0.799513 0.000216175
0.800156 0.000216084
0.800799 0.000215993
0.801442 0.000215902
0.802085 0.000215811
0.802729 0.00021572
0.803372 0.000215629
0.804015 0.000215538
0.804658 0.000215448
0.805301 0.000215358
0.805945 0.000215267
0.806588 0.000215177
0.807231 0.000215087
0.807874 0.000214997
0.808518 0.000214907
0.809161 0.000214817
0.809804 0.000214728
0.810447 0.000214638
0.81109 0.000214549
0.811734 0.00021446
0.812377 0.00021437
0.81302 0.000214281
0.813663 0.000214192
0.814306 0.000214104
0.81495 0.000214015
0.815593 0.000213926
0.816236 0.000213838
0.816879 0.000213749
0.817523 0.000213661
0.818166 0.000213573
0.818809 0.000213485
0.819452 0.000213397
0.820095 0.000213309
0.820739 0.000213221
0.821382 0.000213133
0.822025 0.000213046
0.822668 0.000212958
0.823311 0.000212871
0.823955 0.000212784
0.824598 0.000212697
0.825241 0.00021261
0.825884 0.000212523
0.826527 0.000212436
0.827171 0.000212349
0.827814 0.000212263
0.828457 0.000212176
0.8291 0.00021209
0.829744 0.000212004
0.830387 0.000211918
0.83103 0.000211832
0.831673 0.000211746
0.832316 0.00021166
0.83296 0.000211574
0.833603 0.000211488
0.834246 0.000211403
0.834889 0.000211317
0.835532 0.000211232
0.836176 0.000211147
0.836819 0.000211062
0.837462 0.000210977
0.838105 0.000210892
0.838749 0.000210807
0.839392 0.000210722
0.840035 0.000210638
0.840678 0.000210553
0.841321 0.000210469
0.841965 0.000210384
0.842608 0.0002103
0.843251 0.000210216
0.843894 0.000210132
0.844537 0.000210048
0.845181 0.000209964
0.845824 0.00020988
0.846467 0.000209797
0.84711 0.000209713
0.847753 0.00020963
0.848397 0.000209547
0.84904 0.000209463
0.849683 0.00020938
0.850326 0.000209297
0.85097 0.000209214
0.851613 0.000209131
0.852256 0.000209049
0.852899 0.000208966
0.853542 0.000208884
0.854186 0.000208801
0.854829 0.000208719
0.855472 0.000208637
0.856115 0.000208554
0.856758 0.000208472
0.857402 0.00020839
0.858045 0.000208309
0.858688 0.000208227
0.859331 0.000208145
0.859974 0.000208064
0.860618 0.000207982
0.861261 0.000207901
0.861904 0.000207819
0.862547 0.000207738
0.863191 0.000207657
0.863834 0.000207576
0.864477 0.000207495
0.86512 0.000207414
0.865763 0.000207334
0.866407 0.000207253
0.86705 0.000207173
0.867693 0.000207092
0.868336 0.000207012
0.868979 0.000206932
0.869623 0.000206851
0.870266 0.000206771
0.870909 0.000206691
0.871552 0.000206611
0.872196 0.000206532
0.872839 0.000206452
0.873482 0.000206372
0.874125 0.000206293
0.874768 0.000206213
0.875412 0.000206134
0.876055 0.000206055
0.876698 0.000205976
0.877341 0.000205897
0.877984 0.000205818
0.878628 0.000205739
0.879271 0.00020566
0.879914 0.000205581
0.880557 0.000205503
0.8812 0.000205424
0.881844 0.000205346
0.882487 0.000205267
0.88313 0.000205189
0.883773 0.000205111
0.884417 0.000205033
0.88506 0.000204955
0.885703 0.000204877
0.886346 0.000204799
0.886989 0.000204722
0.887633 0.000204644
0.888276 0.000204566
0.888919 0.000204489
0.889562 0.000204412
0.890205 0.000204334
0.890849 0.000204257
0.891492 0.00020418
0.892135 0.000204103
0.892778 0.000204026
0.893422 0.000203949
0.894065 0.000203872
0.894708 0.000203796
0.895351 0.000203719
0.895994 0.000203643
0.896638 0.000203566
0.897281 0.00020349
0.897924 0.000203414
0.898567 0.000203338
0.89921 0.000203262
0.899854 0.000203186
0.900497 0.00020311
0.90114 0.000203034
0.901783 0.000202958
0.902426 0.000202882
0.90307 0.000202807
0.903713 0.000202731
0.904356 0.000202656
0.904999 0.000202581
0.905643 0.000202505
0.906286 0.00020243
0.906929 0.000202355
0.907572 0.00020228
0.908215 0.000202205
0.908859 0.000202131
0.909502 0.000202056
0.910145 0.000201981
0.910788 0.000201907
0.911431 0.000201832
0.912075 0.000201758
0.912718 0.000201683
0.913361 0.000201609
0.914004 0.000201535
0.914648 0.000201461
0.915291 0.000201387
0.915934 0.000201313
0.916577 0.000201239
0.91722 0.000201165
0.917864 0.000201092
0.918507 0.000201018
0.91915 0.000200945
0.919793 0.000200871
0.920436 0.000200798
0.92108 0.000200725
0.921723 0.000200651
0.922366 0.000200578
0.923009 0.000200505
0.923652 0.000200432
0.924296 0.000200359
0.924939 0.000200287
0.925582 0.000200214
0.926225 0.000200141
0.926869 0.000200069
0.927512 0.000199996
0.928155 0.000199924
0.928798 0.000199852
0.929441 0.000199779
0.930085 0.000199707
0.930728 0.000199635
0.931371 0.000199563
0.932014 0.000199491
0.932657 0.000199419
0.933301 0.000199347
0.933944 0.000199276
0.934587 0.000199204
0.93523 0.000199133
0.935874 0.000199061
0.936517 0.00019899
0.93716 0.000198918
0.937803 0.000198847
0.938446 0.000198776
0.93909 0.000198705
0.939733 0.000198634
0.940376 0.000198563
0.941019 0.000198492
0.941662 0.000198421
0.942306 0.000198351
0.942949 0.00019828
0.943592 0.000198209
0.944235 0.000198139
0.944878 0.000198068
0.945522 0.000197998
0.946165 0.000197928
0.946808 0.000197858
0.947451 0.000197788
0.948095 0.000197718
0.948738 0.000197648
0.949381 0.000197578
0.950024 0.000197508
0.950667 0.000197438
0.951311 0.000197368
0.951954 0.000197299
0.952597 0.000197229
0.95324 0.00019716
0.953883 0.000197091
0.954527 0.000197021
0.95517 0.000196952
0.955813 0.000196883
0.956456 0.000196814
0.9571 0.000196745
0.957743 0.000196676
0.958386 0.000196607
0.959029 0.000196538
0.959672 0.000196469
0.960316 0.000196401
0.960959 0.000196332
0.961602 0.000196264
0.962245 0.000196195
0.962888 0.000196127
0.963532 0.000196059
0.964175 0.00019599
0.964818 0.000195922
0.965461 0.000195854
0.966104 0.000195786
0.966748 0.000195718
0.967391 0.00019565
0.968034 0.000195582
0.968677 0.000195515
0.969321 0.000195447
0.969964 0.000195379
0.970607 0.000195312
0.97125 0.000195244
0.971893 0.000195177
0.972537 0.00019511
0.97318 0.000195043
0.973823 0.000194975
0.974466 0.000194908
0.975109 0.000194841
0.975753 0.000194774
0.976396 0.000194707
0.977039 0.000194641
0.977682 0.000194574
0.978326 0.000194507
0.978969 0.00019444
0.979612 0.000194374
0.980255 0.000194307
0.980898 0.000194241
0.981542 0.000194175
0.982185 0.000194108
0.982828 0.000194042
0.983471 0.000193976
0.984114 0.00019391
0.984758 0.000193844
0.985401 0.000193778
0.986044 0.000193712
0.986687 0.000193646
0.98733 0.000193581
0.987974 0.000193515
0.988617 0.000193449
0.98926 0.000193384
0.989903 0.000193319
0.990547 0.000193253
0.99119 0.000193188
0.991833 0.000193123
0.992476 0.000193057
0.993119 0.000192992
0.993763 0.000192927
0.994406 0.000192862
0.995049 0.000192797
0.995692 0.000192733
0.996335 0.000192668
0.996979 0.000192603
0.997622 0.000192538
0.998265 0.000192474
0.998908 0.000192409
0.999552 0.000192345
