t=0.998265
-8 2.20059e-09 0
-7.9599 2.58682e-09
-7.9198 3.0384e-09
-7.8797 3.56594e-09 2.1133e-09
-7.8396 4.18172e-09
-7.7995 4.8999e-09
-7.7594 5.73681e-09 4.69037e-09
-7.7193 6.71126e-09
-7.6792 7.84494e-09
-7.6391 9.16275e-09 8.2818e-09
-7.599 1.06933e-08
-7.5589 1.24696e-08
-7.5188 1.45292e-08 1.36249e-08
-7.4787 1.69154e-08
-7.4386 1.96777e-08
-7.3985 2.28727e-08 2.17718e-08
-7.3584 2.65651e-08
-7.3183 3.08288e-08
-7.2782 3.57481e-08 3.42628e-08
-7.2381 4.14191e-08
-7.19799 4.79512e-08
-7.15789 5.54689e-08 5.33687e-08
-7.11779 6.41137e-08
-7.07769 7.40462e-08
-7.03759 8.54488e-08 8.24301e-08
-6.99749 9.85282e-08
-6.95739 1.13518e-07
-6.91729 1.30684e-07 1.26335e-07
-6.87719 1.50325e-07
-6.83709 1.72779e-07
-6.79699 1.98427e-07 1.9218e-07
-6.75689 2.277e-07
-6.71679 2.61081e-07
-6.67669 2.99115e-07 2.90196e-07
-6.63659 3.42416e-07
-6.59649 3.9167e-07
-6.55639 4.47649e-07 4.34995e-07
-6.51629 5.11218e-07
-6.47619 5.83345e-07
-6.43609 6.65115e-07 6.47287e-07
-6.39599 7.57738e-07
-6.35589 8.62566e-07
-6.31579 9.81108e-07 9.56165e-07
-6.27569 1.11505e-06
-6.23559 1.26625e-06
-6.19549 1.43681e-06 1.40215e-06
-6.15539 1.62902e-06
-6.11529 1.84547e-06
-6.07519 2.08901e-06 2.04119e-06
-6.03509 2.36278e-06
-5.99499 2.67028e-06
-5.95489 3.01539e-06 2.94985e-06
-5.91479 3.40236e-06
-5.87469 3.8359e-06
-5.83459 4.32123e-06 4.23202e-06
-5.79449 4.86405e-06
-5.75439 5.47066e-06
-5.71429 6.14798e-06 6.02735e-06
-5.67419 6.90362e-06
-5.63409 7.74591e-06
-5.59398 8.68398e-06 8.52195e-06
-5.55388 9.72786e-06
-5.51378 1.08885e-05
-5.47368 1.21777e-05 1.19615e-05
-5.43358 1.36088e-05
-5.39348 1.51957e-05
-5.35338 1.69542e-05 1.66674e-05
-5.31328 1.89009e-05
-5.27318 2.10542e-05
-5.23308 2.34341e-05 2.30561e-05
-5.19298 2.6062e-05
-5.15288 2.89613e-05
-5.11278 3.21573e-05 3.16623e-05
-5.07268 3.56774e-05
-5.03258 3.95511e-05
-4.99248 4.38101e-05 4.31656e-05
-4.95238 4.84889e-05
-4.91228 5.36242e-05
-4.87218 5.92558e-05 5.84218e-05
-4.83208 6.54263e-05
-4.79198 7.21813e-05
-4.75188 7.95699e-05 7.8497e-05
-4.71178 8.76444e-05
-4.67168 9.64608e-05
-4.63158 0.000106079 0.000104707
-4.59148 0.000116562
-4.55138 0.000127979
-4.51128 0.000140401 0.000138656
-4.47118 0.000153906
-4.43108 0.000168574
-4.39098 0.000184491 0.000182284
-4.35088 0.00020175
-4.31078 0.000220446
-4.27068 0.000240681 0.000237906
-4.23058 0.000262563
-4.19048 0.000286205
-4.15038 0.000311725 0.000308254
-4.11028 0.000339248
-4.07018 0.000368905
-4.03008 0.000400833 0.000396515
-3.98997 0.000435175
-3.94987 0.000472079
-3.90977 0.000511703 0.000506361
-3.86967 0.000554207
-3.82957 0.00059976
-3.78947 0.000648537 0.000641965
-3.74937 0.000700718
-3.70927 0.00075649
-3.66917 0.000816046 0.000808003
-3.62907 0.000879585
-3.58897 0.00094731
-3.54887 0.00101943 0.00100964
-3.50877 0.00109616
-3.46867 0.00117772
-3.42857 0.00126434 0.00125249
-3.38847 0.00135624
-3.34837 0.00145364
-3.30827 0.0015568 0.00154253
-3.26817 0.00166594
-3.22807 0.0017813
-3.18797 0.00190311 0.00188603
-3.14787 0.00203163
-3.10777 0.00216709
-3.06767 0.00230973 0.00228939
-3.02757 0.00245978
-2.98747 0.00261747
-2.94737 0.00278304 0.00275897
-2.90727 0.00295671
-2.86717 0.0031387
-2.82707 0.00332922 0.00330089
-2.78697 0.00352847
-2.74687 0.00373665
-2.70677 0.00395393 0.00392078
-2.66667 0.0041805
-2.62657 0.0044165
-2.58647 0.00466208 0.00462352
-2.54637 0.00491737
-2.50627 0.00518249
-2.46617 0.00545751 0.00541293
-2.42607 0.00574252
-2.38596 0.00603757
-2.34586 0.00634269 0.00629147
-2.30576 0.00665788
-2.26566 0.00698313
-2.22556 0.0073184 0.00725992
-2.18546 0.00766361
-2.14536 0.00801868
-2.10526 0.00838346 0.00831713
-2.06516 0.00875781
-2.02506 0.00914154
-1.98496 0.00953444 0.00945968
-1.94486 0.00993625
-1.90476 0.0103467
-1.86466 0.0107654 0.0106817
-1.82456 0.0111922
-1.78446 0.0116265
-1.74436 0.0120679 0.0119749
-1.70426 0.0125161
-1.66416 0.0129706
-1.62406 0.0134307 0.0133279
-1.58396 0.013896
-1.54386 0.014366
-1.50376 0.0148399 0.0147271
-1.46366 0.0153171
-1.42356 0.0157971
-1.38346 0.016279 0.0161562
-1.34336 0.0167621
-1.30326 0.0172458
-1.26316 0.0177292 0.0175964
-1.22306 0.0182115
-1.18296 0.018692
-1.14286 0.0191697 0.0190272
-1.10276 0.0196439
-1.06266 0.0201137
-1.02256 0.0205783 0.0204264
-0.982456 0.0210367
-0.942356 0.021488
-0.902256 0.0219315 0.0217708
-0.862155 0.0223661
-0.822055 0.0227911
-0.781955 0.0232056 0.0230369
-0.741855 0.0236087
-0.701754 0.0239995
-0.661654 0.0243772 0.0242014
-0.621554 0.024741
-0.581454 0.0250902
-0.541353 0.0254238 0.025242
-0.501253 0.0257413
-0.461153 0.0260418
-0.421053 0.0263248 0.0261382
-0.380952 0.0265895
-0.340852 0.0268353
-0.300752 0.0270617 0.0268717
-0.260652 0.0272681
-0.220551 0.0274541
-0.180451 0.0276193 0.0274273
-0.140351 0.0277631
-0.100251 0.0278854
-0.0601504 0.0279857 0.0277932
-0.0200501 0.0280639
0.0200501 0.0281198
0.0601504 0.0281532 0.0279617
0.100251 0.028164
0.140351 0.0281523
0.180451 0.0281181 0.0279291
0.220551 0.0280614
0.260652 0.0279824
0.300752 0.0278812 0.0276962
0.340852 0.0277582
0.380952 0.0276136
0.421053 0.0274477 0.0272679
0.461153 0.027261
0.501253 0.0270538
0.541353 0.0268267 0.0266534
0.581454 0.0265802
0.621554 0.0263149
0.661654 0.0260314 0.0258657
0.701754 0.0257303
0.741855 0.0254123
0.781955 0.0250781 0.0249209
0.822055 0.0247286
0.862155 0.0243643
0.902256 0.0239862 0.0238382
0.942356 0.0235951
0.982456 0.0231917
1.02256 0.022777 0.0226388
1.06266 0.0223518
1.10276 0.021917
1.14286 0.0214734 0.0213453
1.18296 0.021022
1.22306 0.0205635
1.26316 0.020099 0.0199812
1.30326 0.0196292
1.34336 0.0191551
1.38346 0.0186774 0.0185699
1.42356 0.0181971
1.46366 0.0177149
1.50376 0.0172317 0.0171344
1.54386 0.0167483
1.58396 0.0162654
1.62406 0.0157838 0.0156962
1.66416 0.0153041
1.70426 0.0148272
1.74436 0.0143536 0.0142755
1.78446 0.0138841
1.82456 0.0134191
1.86466 0.0129594 0.0128902
1.90476 0.0125054
1.94486 0.0120576
1.98496 0.0116165 0.0115557
2.02506 0.0111827
2.06516 0.0107564
2.10526 0.0103381 0.0102849
2.14536 0.00992808
2.18546 0.00952672
2.22556 0.00913426 0.00908812
2.26566 0.00875097
2.30576 0.00837705
2.34586 0.0080127 0.0079729
2.38596 0.00765805
2.42607 0.00731325
2.46617 0.00697839 0.00694429
2.50627 0.00665353
2.54637 0.00633872
2.58647 0.00603397 0.00600492
2.62657 0.00573928
2.66667 0.00545462
2.70677 0.00517993 0.00515531
2.74687 0.00491513
2.78697 0.00466015
2.82707 0.00441485 0.00439411
2.86717 0.00417912
2.90727 0.00395282
2.94737 0.00373578 0.00371838
2.98747 0.00352783
3.02757 0.00332879
3.06767 0.00313848 0.00312395
3.10777 0.00295667
3.14787 0.00278317
3.18797 0.00261776 0.00260568
3.22807 0.00246021
3.26817 0.00231029
3.30827 0.00216777 0.00215777
3.34837 0.00203242
3.38847 0.001904
3.42857 0.00178226 0.00177401
3.46867 0.00166698
3.50877 0.0015579
3.54887 0.0014548 0.00144801
3.58897 0.00135744
3.62907 0.00126557
3.66917 0.00117899 0.00117342
3.70927 0.00109745
3.74937 0.00102073
3.78947 0.000948614 0.00094406
3.82957 0.000880891
3.86967 0.000817349
3.90977 0.000757784 0.000754069
3.94987 0.000701998
3.98997 0.0006498
4.03008 0.000601002 0.00059798
4.07018 0.000555425
4.11028 0.000512894
4.15038 0.000473241 0.000470788
4.19048 0.000436305
4.23058 0.00040193
4.27068 0.000369968 0.000367983
4.31078 0.000340276
4.35088 0.000312716
4.39098 0.000287159 0.000285557
4.43108 0.000263481
4.47118 0.000241561
4.51128 0.000221288 0.000219999
4.55138 0.000202555
4.59148 0.000185259
4.63158 0.000169305 0.000168271
4.67168 0.000154602
4.71178 0.000141062
4.75188 0.000128606 0.000127779
4.79198 0.000117156
4.83208 0.00010664
4.87218 9.69901e-05 9.63317e-05
4.91228 8.81433e-05
4.95238 8.00395e-05
4.99248 7.26228e-05 7.21007e-05
5.03258 6.58407e-05
5.07268 5.96443e-05
5.11278 5.3988e-05 5.35759e-05
5.15288 4.8829e-05
5.19298 4.41278e-05
5.23308 3.98474e-05 3.95237e-05
5.27318 3.59535e-05
5.31328 3.24142e-05
5.35338 2.92e-05 2.89471e-05
5.39348 2.62835e-05
5.43358 2.36394e-05
5.47368 2.12444e-05 2.10479e-05
5.51378 1.90768e-05
5.55388 1.71167e-05
5.59398 1.53457e-05 1.51939e-05
5.63409 1.3747e-05
5.67419 1.2305e-05
5.71429 1.10055e-05 1.0889e-05
5.75439 9.83539e-06
5.79449 8.78267e-06
5.83459 7.83637e-06 7.74745e-06
5.87469 6.98645e-06
5.91479 6.22375e-06
5.95489 5.53989e-06 5.4725e-06
5.99499 4.92724e-06
6.03509 4.37884e-06
6.07519 3.88838e-06 3.83766e-06
6.11529 3.45011e-06
6.15539 3.05879e-06
6.19549 2.70969e-06 2.67178e-06
6.23559 2.39853e-06
6.27569 2.1214e-06
6.31579 1.8748e-06 1.84666e-06
6.35589 1.65554e-06
6.39599 1.46076e-06
6.43609 1.28787e-06 1.26714e-06
6.47619 1.13454e-06
6.51629 9.98664e-07
6.55639 8.78362e-07 8.63198e-07
6.59649 7.71937e-07
6.63659 6.77867e-07
6.67669 5.94785e-07 5.83771e-07
6.71679 5.21471e-07
6.75689 4.5683e-07
6.79699 3.99882e-07 3.91933e-07
6.83709 3.49755e-07
6.87719 3.05668e-07
6.91729 2.66926e-07 2.61214e-07
6.95739 2.32908e-07
6.99749 2.03064e-07
7.03759 1.76903e-07 1.72802e-07
7.07769 1.53989e-07
7.11779 1.33937e-07
7.15789 1.16403e-07 1.13432e-07
7.19799 1.01085e-07
7.2381 8.77117e-08
7.2782 7.60475e-08 7.38273e-08
7.3183 6.58819e-08
7.3584 5.70298e-08
7.3985 4.93279e-08 4.75462e-08
7.4386 4.26321e-08
7.4787 3.68159e-08
7.5188 3.17679e-08 3.01382e-08
7.5589 2.73903e-08
7.599 2.35971e-08
7.6391 2.0313e-08 1.85332e-08
7.6792 1.74721e-08
7.7193 1.50166e-08
7.7594 1.28959e-08 1.05968e-08
7.7995 1.10659e-08
7.8396 9.488e-09
7.8797 8.12865e-09 4.80498e-09
7.9198 6.95852e-09
7.9599 5.9521e-09
8 5.08719e-09 0
