0.00964818 0.00285871 0.00285871
0.0112562 0.0025233
0.0128642 0.00229171
0.0144723 0.00211267 0.00211267
0.0160803 0.0019523
0.0176883 0.00181695
0.0192964 0.00169927 0.00169927
0.0209044 0.00159744
0.0225124 0.00150982
0.0241205 0.00143964 0.00143964
0.0257285 0.00137617
0.0273365 0.00131866
0.0289445 0.00126643 0.00126643
0.0305526 0.00121888
0.0321606 0.00117547
0.0337686 0.00113573 0.00113573
0.0353767 0.00109925
0.0369847 0.00106568
0.0385927 0.00103469 0.00103469
0.0402008 0.00100601
0.0418088 0.000979412
0.0434168 0.000954673 0.000954673
0.0450248 0.000931614
0.0466329 0.00091007
0.0482409 0.0008899 0.0008899
0.0498489 0.000870977
0.051457 0.000853189
0.053065 0.000836435 0.000836435
0.054673 0.00082091
0.0562811 0.000806212
0.0578891 0.000792253 0.000792253
0.0594971 0.00077898
0.0611051 0.000766342
0.0627132 0.000754296 0.000754296
0.0643212 0.0007428
0.0659292 0.000731817
0.0675373 0.000721313 0.000721313
0.0691453 0.000711256
0.0707533 0.000701617
0.0723614 0.000692371 0.000692371
0.0739694 0.000683492
0.0755774 0.000674959
0.0771854 0.00066675 0.00066675
0.0787935 0.000658847
0.0804015 0.000651231
0.0820095 0.000643887 0.000643887
0.0836176 0.0006368
0.0852256 0.000629954
0.0868336 0.000623338 0.000623338
0.0884417 0.000616939
0.0900497 0.000610746
0.0916577 0.000604748 0.000604748
0.0932657 0.000598936
0.0948738 0.000593299
0.0964818 0.000587831 0.000587831
0.0980898 0.000582522
0.0996979 0.000577365
0.101306 0.000572401 0.000572401
0.102914 0.00056758
0.104522 0.00056289
0.10613 0.000558324 0.000558324
0.107738 0.000553877
0.109346 0.000549545
0.110954 0.000545322 0.000545322
0.112562 0.000541203
0.11417 0.000537184
0.115778 0.000533262 0.000533262
0.117386 0.000529432
0.118994 0.000525691
0.120602 0.000522034 0.000522034
0.12221 0.00051846
0.123818 0.000514965
0.125426 0.000511545 0.000511545
0.127034 0.000508199
0.128642 0.000504923
0.13025 0.000501715 0.000501715
0.131858 0.000498573
0.133466 0.000495494
0.135075 0.000492476 0.000492476
0.136683 0.000489517
0.138291 0.000486616
0.139899 0.000483769 0.000483769
0.141507 0.000480976
0.143115 0.000478235
0.144723 0.000475544 0.000475544
0.146331 0.000472902
0.147939 0.000470306
0.149547 0.000467756 0.000467756
0.151155 0.000465251
0.152763 0.000462788
0.154371 0.000460368 0.000460368
0.155979 0.000457987
0.157587 0.000455646
0.159195 0.000453343 0.000453343
0.160803 0.000451078
0.162411 0.000448848
0.164019 0.000446654 0.000446654
0.165627 0.000444494
0.167235 0.000442367
0.168843 0.000440272 0.000440272
0.170451 0.00043821
0.172059 0.000436177
0.173667 0.000434175 0.000434175
0.175275 0.000432202
0.176883 0.000430258
0.178491 0.000428341 0.000428341
0.180099 0.000426451
0.181707 0.000424588
0.183315 0.00042275 0.00042275
0.184923 0.000420938
0.186531 0.000419151
0.18814 0.000417387 0.000417387
0.189748 0.000415647
0.191356 0.00041393
0.192964 0.000412235 0.000412235
0.194572 0.000410562
0.19618 0.00040891
0.197788 0.00040728 0.00040728
0.199396 0.00040567
0.201004 0.00040408
0.202612 0.000402509 0.000402509
0.20422 0.000400958
0.205828 0.000399426
0.207436 0.000397912 0.000397912
0.209044 0.000396416
0.210652 0.000394938
0.21226 0.000393477 0.000393477
0.213868 0.000392033
0.215476 0.000390606
0.217084 0.000389195 0.000389195
0.218692 0.0003878
0.2203 0.000386421
0.221908 0.000385057 0.000385057
0.223516 0.000383708
0.225124 0.000382374
0.226732 0.000381054 0.000381054
0.22834 0.000379749
0.229948 0.000378465
0.231556 0.000377198 0.000377198
0.233164 0.000375944
0.234772 0.000374703
0.23638 0.000373474 0.000373474
0.237988 0.000372258
0.239596 0.000371055
0.241205 0.000369863 0.000369863
0.242813 0.000368683
0.244421 0.000367515
0.246029 0.000366358 0.000366358
0.247637 0.000365213
0.249245 0.000364078
0.250853 0.000362955 0.000362955
0.252461 0.000361842
0.254069 0.00036074
0.255677 0.000359648 0.000359648
0.257285 0.000358566
0.258893 0.000357494
0.260501 0.000356432 0.000356432
0.262109 0.00035538
0.263717 0.000354338
0.265325 0.000353305 0.000353305
0.266933 0.000352281
0.268541 0.000351266
0.270149 0.00035026 0.00035026
0.271757 0.000349264
0.273365 0.000348275
0.274973 0.000347296 0.000347296
0.276581 0.000346325
0.278189 0.000345362
0.279797 0.000344408 0.000344408
0.281405 0.000343461
0.283013 0.000342523
0.284621 0.000341593 0.000341593
0.286229 0.00034067
0.287837 0.000339755
0.289445 0.000338847 0.000338847
0.291053 0.000337947
0.292661 0.000337054
0.29427 0.000336169 0.000336169
0.295878 0.00033529
0.297486 0.000334419
0.299094 0.000333555 0.000333554
0.300702 0.000332697
0.30231 0.000331846
0.303918 0.000331002 0.000331002
0.305526 0.000330164
0.307134 0.000329333
0.308742 0.000328509 0.000328509
0.31035 0.00032769
0.311958 0.000326878
0.313566 0.000326072 0.000326072
0.315174 0.000325272
0.316782 0.000324478
0.31839 0.00032369 0.00032369
0.319998 0.000322908
0.321606 0.000322132
0.323214 0.000321361 0.000321361
0.324822 0.000320596
0.32643 0.000319837
0.328038 0.000319083 0.000319083
0.329646 0.000318334
0.331254 0.000317591
0.332862 0.000316853 0.000316853
0.33447 0.000316121
0.336078 0.000315393
0.337686 0.000314671 0.000314671
0.339294 0.000313953
0.340902 0.000313241
0.34251 0.000312534 0.000312534
0.344118 0.000311831
0.345726 0.000311133
0.347335 0.000310441 0.00031044
0.348943 0.000309752
0.350551 0.000309069
0.352159 0.00030839 0.00030839
0.353767 0.000307715
0.355375 0.000307045
0.356983 0.00030638 0.00030638
0.358591 0.000305719
0.360199 0.000305062
0.361807 0.000304409 0.000304409
0.363415 0.000303761
0.365023 0.000303117
0.366631 0.000302477 0.000302477
0.368239 0.000301841
0.369847 0.00030121
0.371455 0.000300582 0.000300582
0.373063 0.000299958
0.374671 0.000299339
0.376279 0.000298723 0.000298723
0.377887 0.000298111
0.379495 0.000297502
0.381103 0.000296898 0.000296898
0.382711 0.000296297
0.384319 0.0002957
0.385927 0.000295107 0.000295107
0.387535 0.000294517
0.389143 0.000293931
0.390751 0.000293348 0.000293348
0.392359 0.000292769
0.393967 0.000292194
0.395575 0.000291622 0.000291622
0.397183 0.000291053
0.398791 0.000290487
0.400399 0.000289925 0.000289925
0.402008 0.000289367
0.403616 0.000288811
0.405224 0.000288259 0.000288259
0.406832 0.00028771
0.40844 0.000287164
0.410048 0.000286621 0.000286621
0.411656 0.000286081
0.413264 0.000285545
0.414872 0.000285011 0.000285011
0.41648 0.000284481
0.418088 0.000283953
0.419696 0.000283429 0.000283429
0.421304 0.000282907
0.422912 0.000282389
0.42452 0.000281873 0.000281873
0.426128 0.00028136
0.427736 0.00028085
0.429344 0.000280342 0.000280342
0.430952 0.000279838
0.43256 0.000279336
0.434168 0.000278837 0.000278837
0.435776 0.000278341
0.437384 0.000277847
0.438992 0.000277356 0.000277356
0.4406 0.000276868
0.442208 0.000276382
0.443816 0.000275899 0.000275899
0.445424 0.000275418
0.447032 0.00027494
0.44864 0.000274464 0.000274464
0.450248 0.000273991
0.451856 0.000273521
0.453464 0.000273052 0.000273052
0.455073 0.000272587
0.456681 0.000272123
0.458289 0.000271662 0.000271662
0.459897 0.000271204
0.461505 0.000270748
0.463113 0.000270294 0.000270294
0.464721 0.000269842
0.466329 0.000269393
0.467937 0.000268946 0.000268945
0.469545 0.000268501
0.471153 0.000268058
0.472761 0.000267618 0.000267618
0.474369 0.000267179
0.475977 0.000266743
0.477585 0.00026631 0.000266309
0.479193 0.000265878
0.480801 0.000265448
0.482409 0.000265021 0.00026502
0.484017 0.000264595
0.485625 0.000264172
0.487233 0.00026375 0.00026375
0.488841 0.000263331
0.490449 0.000262914
0.492057 0.000262498 0.000262498
0.493665 0.000262085
0.495273 0.000261674
0.496881 0.000261264 0.000261264
0.498489 0.000260857
0.500097 0.000260451
0.501705 0.000260048 0.000260048
0.503313 0.000259646
0.504921 0.000259246
0.506529 0.000258848 0.000258848
0.508138 0.000258452
0.509746 0.000258058
0.511354 0.000257665 0.000257665
0.512962 0.000257274
0.51457 0.000256885
0.516178 0.000256498 0.000256498
0.517786 0.000256113
0.519394 0.000255729
0.521002 0.000255347 0.000255347
0.52261 0.000254967
0.524218 0.000254589
0.525826 0.000254212 0.000254212
0.527434 0.000253837
0.529042 0.000253464
0.53065 0.000253092 0.000253092
0.532258 0.000252722
0.533866 0.000252353
0.535474 0.000251986 0.000251986
0.537082 0.000251621
0.53869 0.000251257
0.540298 0.000250895 0.000250895
0.541906 0.000250535
0.543514 0.000250176
0.545122 0.000249819 0.000249819
0.54673 0.000249463
0.548338 0.000249108
0.549946 0.000248756 0.000248756
0.551554 0.000248404
0.553162 0.000248055
0.55477 0.000247706 0.000247706
0.556378 0.00024736
0.557986 0.000247014
0.559594 0.00024667 0.00024667
0.561203 0.000246328
0.562811 0.000245987
0.564419 0.000245647 0.000245647
0.566027 0.000245309
0.567635 0.000244972
0.569243 0.000244637 0.000244637
0.570851 0.000244303
0.572459 0.00024397
0.574067 0.000243639 0.000243639
0.575675 0.000243309
0.577283 0.000242981
0.578891 0.000242653 0.000242653
0.580499 0.000242328
0.582107 0.000242003
0.583715 0.00024168 0.00024168
0.585323 0.000241358
0.586931 0.000241037
0.588539 0.000240718 0.000240718
0.590147 0.0002404
0.591755 0.000240083
0.593363 0.000239767 0.000239767
0.594971 0.000239453
0.596579 0.00023914
0.598187 0.000238828 0.000238828
0.599795 0.000238517
0.601403 0.000238208
0.603011 0.0002379 0.0002379
0.604619 0.000237593
0.606227 0.000237287
0.607835 0.000236982 0.000236982
0.609443 0.000236679
0.611051 0.000236377
0.612659 0.000236076 0.000236076
0.614267 0.000235776
0.615876 0.000235477
0.617484 0.000235179 0.000235179
0.619092 0.000234883
0.6207 0.000234587
0.622308 0.000234293 0.000234293
0.623916 0.000234
0.625524 0.000233708
0.627132 0.000233417 0.000233417
0.62874 0.000233127
0.630348 0.000232838
0.631956 0.000232551 0.000232551
0.633564 0.000232264
0.635172 0.000231978
0.63678 0.000231694 0.000231694
0.638388 0.000231411
0.639996 0.000231128
0.641604 0.000230847 0.000230847
0.643212 0.000230566
0.64482 0.000230287
0.646428 0.000230009 0.000230009
0.648036 0.000229732
0.649644 0.000229455
0.651252 0.00022918 0.00022918
0.65286 0.000228906
0.654468 0.000228632
0.656076 0.00022836 0.00022836
0.657684 0.000228089
0.659292 0.000227818
0.6609 0.000227549 0.000227549
0.662508 0.000227281
0.664116 0.000227013
0.665724 0.000226747 0.000226746
0.667332 0.000226481
0.668941 0.000226216
0.670549 0.000225953 0.000225952
0.672157 0.00022569
0.673765 0.000225428
0.675373 0.000225167 0.000225167
0.676981 0.000224907
0.678589 0.000224648
0.680197 0.000224389 0.000224389
0.681805 0.000224132
0.683413 0.000223876
0.685021 0.00022362 0.00022362
0.686629 0.000223365
0.688237 0.000223112
0.689845 0.000222859 0.000222858
0.691453 0.000222607
0.693061 0.000222356
0.694669 0.000222105 0.000222105
0.696277 0.000221856
0.697885 0.000221608
0.699493 0.00022136 0.00022136
0.701101 0.000221114
0.702709 0.000220868
0.704317 0.000220623 0.000220622
0.705925 0.000220378
0.707533 0.000220135
0.709141 0.000219892 0.000219892
0.710749 0.00021965
0.712357 0.000219409
0.713965 0.000219169 0.000219169
0.715573 0.000218929
0.717181 0.000218691
0.718789 0.000218453 0.000218453
0.720397 0.000218216
0.722006 0.000217979
0.723614 0.000217744 0.000217744
0.725222 0.000217509
0.72683 0.000217275
0.728438 0.000217042 0.000217042
0.730046 0.000216809
0.731654 0.000216577
0.733262 0.000216346 0.000216346
0.73487 0.000216116
0.736478 0.000215886
0.738086 0.000215658 0.000215657
0.739694 0.000215429
0.741302 0.000215202
0.74291 0.000214975 0.000214975
0.744518 0.000214749
0.746126 0.000214524
0.747734 0.0002143 0.0002143
0.749342 0.000214076
0.75095 0.000213853
0.752558 0.00021363 0.00021363
0.754166 0.000213409
0.755774 0.000213188
0.757382 0.000212967 0.000212967
0.75899 0.000212748
0.760598 0.000212529
0.762206 0.00021231 0.00021231
0.763814 0.000212093
0.765422 0.000211876
0.76703 0.000211659 0.000211659
0.768638 0.000211444
0.770246 0.000211229
0.771854 0.000211015 0.000211014
0.773462 0.000210801
0.775071 0.000210588
0.776679 0.000210375 0.000210375
0.778287 0.000210164
0.779895 0.000209953
0.781503 0.000209742 0.000209742
0.783111 0.000209532
0.784719 0.000209323
0.786327 0.000209115 0.000209115
0.787935 0.000208907
0.789543 0.000208699
0.791151 0.000208493 0.000208493
0.792759 0.000208287
0.794367 0.000208081
0.795975 0.000207876 0.000207876
0.797583 0.000207672
0.799191 0.000207469
0.800799 0.000207265 0.000207265
0.802407 0.000207063
0.804015 0.000206861
0.805623 0.00020666 0.00020666
0.807231 0.000206459
0.808839 0.000206259
0.810447 0.00020606 0.000206059
0.812055 0.000205861
0.813663 0.000205662
0.815271 0.000205465 0.000205464
0.816879 0.000205267
0.818487 0.000205071
0.820095 0.000204875 0.000204874
0.821703 0.000204679
0.823311 0.000204484
0.824919 0.00020429 0.00020429
0.826527 0.000204096
0.828136 0.000203903
0.829744 0.00020371 0.00020371
0.831352 0.000203518
0.83296 0.000203326
0.834568 0.000203135 0.000203135
0.836176 0.000202944
0.837784 0.000202754
0.839392 0.000202565 0.000202565
0.841 0.000202376
0.842608 0.000202188
0.844216 0.000202 0.000201999
0.845824 0.000201812
0.847432 0.000201625
0.84904 0.000201439 0.000201439
0.850648 0.000201253
0.852256 0.000201068
0.853864 0.000200883 0.000200883
0.855472 0.000200699
0.85708 0.000200515
0.858688 0.000200332 0.000200332
0.860296 0.000200149
0.861904 0.000199967
0.863512 0.000199785 0.000199785
0.86512 0.000199604
0.866728 0.000199423
0.868336 0.000199243 0.000199243
0.869944 0.000199063
0.871552 0.000198884
0.87316 0.000198705 0.000198705
0.874768 0.000198526
0.876376 0.000198349
0.877984 0.000198171 0.000198171
0.879592 0.000197994
0.8812 0.000197818
0.882809 0.000197642 0.000197642
0.884417 0.000197466
0.886025 0.000197291
0.887633 0.000197117 0.000197117
0.889241 0.000196943
0.890849 0.000196769
0.892457 0.000196596 0.000196596
0.894065 0.000196423
0.895673 0.000196251
0.897281 0.000196079 0.000196079
0.898889 0.000195908
0.900497 0.000195737
0.902105 0.000195566 0.000195566
0.903713 0.000195396
0.905321 0.000195227
0.906929 0.000195058 0.000195058
0.908537 0.000194889
0.910145 0.000194721
0.911753 0.000194553 0.000194553
0.913361 0.000194386
0.914969 0.000194219
0.916577 0.000194052 0.000194052
0.918185 0.000193886
0.919793 0.00019372
0.921401 0.000193555 0.000193555
0.923009 0.00019339
0.924617 0.000193226
0.926225 0.000193062 0.000193062
0.927833 0.000192898
0.929441 0.000192735
0.931049 0.000192573 0.000192572
0.932657 0.00019241
0.934265 0.000192248
0.935874 0.000192087 0.000192087
0.937482 0.000191926
0.93909 0.000191765
0.940698 0.000191605 0.000191605
0.942306 0.000191445
0.943914 0.000191285
0.945522 0.000191126 0.000191126
0.94713 0.000190968
0.948738 0.000190809
0.950346 0.000190652 0.000190651
0.951954 0.000190494
0.953562 0.000190337
0.95517 0.00019018 0.00019018
0.956778 0.000190024
0.958386 0.000189868
0.959994 0.000189712 0.000189712
0.961602 0.000189557
0.96321 0.000189402
0.964818 0.000189248 0.000189248
0.966426 0.000189094
0.968034 0.00018894
0.969642 0.000188787 0.000188787
0.97125 0.000188634
0.972858 0.000188482
0.974466 0.000188329 0.000188329
0.976074 0.000188178
0.977682 0.000188026
0.97929 0.000187875 0.000187875
0.980898 0.000187724
0.982506 0.000187574
0.984114 0.000187424 0.000187424
0.985722 0.000187274
0.98733 0.000187125
0.988939 0.000186976 0.000186976
0.990547 0.000186828
0.992155 0.00018668
0.993763 0.000186532 0.000186532
0.995371 0.000186384
0.996979 0.000186237
0.998587 0.00018609 0.00018609
