Startowa macierz M:
0.5 0.25 0.166667 0.125 0.1 0 
10 20 30 30 20 10 
0 0.333333 0.2 0.142857 0.111111 0.0909091 

Startowy wektor b:
31 41.25 30.5667 30.3929 40.4111 30.1818 

Redukcje LDU: 
Redukcja D: 
Iteracja I: 1
0.5 0.25 0.166667 0.125 0.1 0 
10 19.9833 30 30 20 10 
0 0.333333 0.2 0.142857 0.111111 0.0909091 

Iteracja I: 2
0.5 0.25 0.166667 0.125 0.1 0 
10 19.9833 29.9975 30 20 10 
0 0.333333 0.2 0.142857 0.111111 0.0909091 

Iteracja I: 3
0.5 0.25 0.166667 0.125 0.1 0 
10 19.9833 29.9975 29.9992 20 10 
0 0.333333 0.2 0.142857 0.111111 0.0909091 

Iteracja I: 4
0.5 0.25 0.166667 0.125 0.1 0 
10 19.9833 29.9975 29.9992 19.9995 10 
0 0.333333 0.2 0.142857 0.111111 0.0909091 

Iteracja I: 5
0.5 0.25 0.166667 0.125 0.1 0 
10 19.9833 29.9975 29.9992 19.9995 9.99955 
0 0.333333 0.2 0.142857 0.111111 0.0909091 

Redukcja b: 
Iteracja I: 1
0.5 0.25 0.166667 0.125 0.1 0 
10 19.9833 29.9975 29.9992 19.9995 9.99955 
0 0.333333 0.2 0.142857 0.111111 0.0909091 

Iteracja I: 2
0.5 0.25 0.166667 0.125 0.1 0 
10 19.9833 29.9975 29.9992 19.9995 9.99955 
0 0.333333 0.2 0.142857 0.111111 0.0909091 

Iteracja I: 3
0.5 0.25 0.166667 0.125 0.1 0 
10 19.9833 29.9975 29.9992 19.9995 9.99955 
0 0.333333 0.2 0.142857 0.111111 0.0909091 

Iteracja I: 4
0.5 0.25 0.166667 0.125 0.1 0 
10 19.9833 29.9975 29.9992 19.9995 9.99955 
0 0.333333 0.2 0.142857 0.111111 0.0909091 

Iteracja I: 5
0.5 0.25 0.166667 0.125 0.1 0 
10 19.9833 29.9975 29.9992 19.9995 9.99955 
0 0.333333 0.2 0.142857 0.111111 0.0909091 

Macierz M po redukcji:
0.5 0.25 0.166667 0.125 0.1 0 
10 19.9833 29.9975 29.9992 19.9995 9.99955 
0 0.333333 0.2 0.142857 0.111111 0.0909091 

Wyznaczanie x: 
Iteracja I: 2
-9.25596e+61 -9.25596e+61 -9.25596e+61 -9.25596e+61 2 3 

Iteracja I: 3
-9.25596e+61 -9.25596e+61 -9.25596e+61 1 2 3 

Iteracja I: 4
-9.25596e+61 -9.25596e+61 1 1 2 3 

Iteracja I: 5
-9.25596e+61 2 1 1 2 3 

Iteracja I: 6
3 2 1 1 2 3 

Wektor x po obliczeniach:
3 2 1 1 2 3 

