t=0.996979
-8 2.15614e-09 0 0
-7.9599 2.53509e-09 
-7.9198 2.97826e-09 
-7.8797 3.49608e-09 2.20334e-09 2.04669e-09
-7.8396 4.10064e-09 
-7.7995 4.80587e-09 
-7.7594 5.62786e-09 4.88276e-09 4.78584e-09
-7.7193 6.58514e-09 
-7.6792 7.69905e-09 
-7.6391 8.99416e-09 8.60219e-09 8.54268e-09
-7.599 1.04987e-08 
-7.5589 1.2245e-08 
-7.5188 1.42703e-08 1.41146e-08 1.40783e-08
-7.4787 1.66173e-08 
-7.4386 1.93346e-08 
-7.3985 2.24783e-08 2.24909e-08 2.2469e-08
-7.3584 2.61121e-08 
-7.3183 3.03089e-08 
-7.2782 3.51519e-08 3.52949e-08 3.52817e-08
-7.2381 4.0736e-08 
-7.19799 4.71693e-08 
-7.15789 5.45746e-08 5.4826e-08 5.48182e-08
-7.11779 6.30918e-08 
-7.07769 7.28795e-08 
-7.03759 8.4118e-08 8.44603e-08 8.44557e-08
-6.99749 9.70114e-08 
-6.95739 1.11791e-07 
-6.91729 1.28719e-07 1.29127e-07 1.29125e-07
-6.87719 1.48091e-07 
-6.83709 1.70242e-07 
-6.79699 1.95548e-07 1.95974e-07 1.95973e-07
-6.75689 2.24436e-07 
-6.71679 2.57384e-07 
-6.67669 2.94932e-07 2.95283e-07 2.95282e-07
-6.63659 3.37685e-07 
-6.59649 3.86325e-07 
-6.55639 4.41617e-07 4.41725e-07 4.41724e-07
-6.51629 5.04415e-07 
-6.47619 5.75681e-07 
-6.43609 6.56487e-07 6.56063e-07 6.56062e-07
-6.39599 7.48034e-07 
-6.35589 8.51661e-07 
-6.31579 9.68865e-07 9.67432e-07 9.67431e-07
-6.27569 1.10131e-06 
-6.23559 1.25086e-06 
-6.19549 1.41957e-06 1.41637e-06 1.41637e-06
-6.15539 1.60975e-06 
-6.11529 1.82393e-06 
-6.07519 2.06495e-06 2.05879e-06 2.05879e-06
-6.03509 2.33593e-06 
-5.99499 2.64036e-06 
-5.95489 2.98206e-06 2.97118e-06 2.97118e-06
-5.91479 3.36528e-06 
-5.87469 3.79469e-06 
-5.83459 4.27545e-06 4.25721e-06 4.25721e-06
-5.79449 4.81325e-06 
-5.75439 5.41435e-06 
-5.71429 6.08561e-06 6.05618e-06 6.05618e-06
-5.67419 6.8346e-06 
-5.63409 7.66961e-06 
-5.59398 8.59971e-06 8.55362e-06 8.55362e-06
-5.55388 9.63486e-06 
-5.51378 1.07859e-05 
-5.47368 1.20648e-05 1.19944e-05 1.19944e-05
-5.43358 1.34845e-05 
-5.39348 1.50591e-05 
-5.35338 1.68041e-05 1.66986e-05 1.66986e-05
-5.31328 1.87362e-05 
-5.27318 2.08737e-05 
-5.23308 2.32363e-05 2.30812e-05 2.30812e-05
-5.19298 2.58456e-05 
-5.15288 2.87247e-05 
-5.11278 3.1899e-05 3.16746e-05 3.16746e-05
-5.07268 3.53955e-05 
-5.03258 3.92437e-05 
-4.99248 4.34754e-05 4.31556e-05 4.31556e-05
-4.95238 4.81247e-05 
-4.91228 5.32283e-05 
-4.87218 5.88259e-05 5.83763e-05 5.83763e-05
-4.83208 6.49599e-05 
-4.79198 7.16758e-05 
-4.75188 7.90226e-05 7.83984e-05 7.83984e-05
-4.71178 8.70524e-05 
-4.67168 9.5821e-05 
-4.63158 0.000105388 0.000104532 0.000104532
-4.59148 0.000115817 
-4.55138 0.000127177 
-4.51128 0.000139537 0.000138377 0.000138377
-4.47118 0.000152977 
-4.43108 0.000167576 
-4.39098 0.00018342 0.000181864 0.000181864
-4.35088 0.000200602 
-4.31078 0.000219217 
-4.27068 0.000239366 0.0002373 0.0002373
-4.23058 0.000261158 
-4.19048 0.000284705 
-4.15038 0.000310125 0.000307412 0.000307411
-4.11028 0.000337544 
-4.07018 0.000367091 
-4.03008 0.000398904 0.000395376 0.000395376
-3.98997 0.000433127 
-3.94987 0.000469907 
-3.90977 0.000509401 0.000504857 0.000504857
-3.86967 0.00055177 
-3.82957 0.000597184 
-3.78947 0.000645816 0.00064002 0.00064002
-3.74937 0.000697848 
-3.70927 0.000753466 
-3.66917 0.000812863 0.000805537 0.000805537
-3.62907 0.000876238 
-3.58897 0.000943795 
-3.54887 0.00101574 0.00100657 0.00100657
-3.50877 0.0010923 
-3.46867 0.00117368 
-3.42857 0.00126012 0.00124873 0.00124873
-3.38847 0.00135183 
-3.34837 0.00144905 
-3.30827 0.00155201 0.00153801 0.00153801
-3.26817 0.00166096 
-3.22807 0.00177613 
-3.18797 0.00189775 0.00188067 0.00188067
-3.14787 0.00202608 
-3.10777 0.00216135 
-3.06767 0.0023038 0.00228314 0.00228314
-3.02757 0.00245366 
-2.98747 0.00261117 
-2.94737 0.00277656 0.0027518 0.0027518
-2.90727 0.00295006 
-2.86717 0.00313188 
-2.82707 0.00332223 0.0032928 0.0032928
-2.78697 0.00352133 
-2.74687 0.00372936 
-2.70677 0.00394651 0.0039118 0.0039118
-2.66667 0.00417294 
-2.62657 0.00440883 
-2.58647 0.00465431 0.00461372 0.00461372
-2.54637 0.00490951 
-2.50627 0.00517455 
-2.46617 0.00544951 0.00540243 0.00540243
-2.42607 0.00573448 
-2.38596 0.0060295 
-2.34586 0.00633462 0.00628044 0.00628044
-2.30576 0.00664982 
-2.26566 0.00697511 
-2.22556 0.00731043 0.00724858 0.00724858
-2.18546 0.00765572 
-2.14536 0.00801089 
-2.10526 0.0083758 0.00830574 0.00830574
-2.06516 0.0087503 
-2.02506 0.0091342 
-1.98496 0.0095273 0.00944857 0.00944857
-1.94486 0.00992933 
-1.90476 0.01034 
-1.86466 0.010759 0.0106712 0.0106712
-1.82456 0.0111861 
-1.78446 0.0116207 
-1.74436 0.0120625 0.0119654 0.0119654
-1.70426 0.0125111 
-1.66416 0.012966 
-1.62406 0.0134266 0.0133198 0.0133198
-1.58396 0.0138924 
-1.54386 0.0143628 
-1.50376 0.0148372 0.0147208 0.0147208
-1.46366 0.015315 
-1.42356 0.0157955 
-1.38346 0.016278 0.0161521 0.0161521
-1.34336 0.0167617 
-1.30326 0.017246 
-1.26316 0.01773 0.0175948 0.0175948
-1.22306 0.018213 
-1.18296 0.0186941 
-1.14286 0.0191726 0.0190284 0.0190284
-1.10276 0.0196475 
-1.06266 0.020118 
-1.02256 0.0205832 0.0204306 0.0204306
-0.982456 0.0210423 
-0.942356 0.0214944 
-0.902256 0.0219385 0.0217782 0.0217782
-0.862155 0.0223739 
-0.822055 0.0227996 
-0.781955 0.0232147 0.0230474 0.0230474
-0.741855 0.0236185 
-0.701754 0.0240099 
-0.661654 0.0243883 0.024215 0.024215
-0.621554 0.0247528 
-0.581454 0.0251025 
-0.541353 0.0254368 0.0252585 0.0252585
-0.501253 0.0257548 
-0.461153 0.0260559 
-0.421053 0.0263394 0.0261573 0.0261573
-0.380952 0.0266046 
-0.340852 0.0268509 
-0.300752 0.0270777 0.026893 0.026893
-0.260652 0.0272845 
-0.220551 0.0274709 
-0.180451 0.0276363 0.0274503 0.0274503
-0.140351 0.0277804 
-0.100251 0.0279029 
-0.0601504 0.0280034 0.0278173 0.0278173
-0.0200501 0.0280818 
0.0200501 0.0281378 
0.0601504 0.0281712 0.0279863 0.0279863
0.100251 0.0281821 
0.140351 0.0281704 
0.180451 0.0281361 0.0279536 0.0279536
0.220551 0.0280793 
0.260652 0.0280001 
0.300752 0.0278988 0.02772 0.02772
0.340852 0.0277755 
0.380952 0.0276306 
0.421053 0.0274644 0.0272904 0.0272904
0.461153 0.0272773 
0.501253 0.0270698 
0.541353 0.0268423 0.026674 0.026674
0.581454 0.0265953 
0.621554 0.0263295 
0.661654 0.0260455 0.025884 0.025884
0.701754 0.0257438 
0.741855 0.0254253 
0.781955 0.0250905 0.0249365 0.0249365
0.822055 0.0247403 
0.862155 0.0243754 
0.902256 0.0239967 0.0238509 0.0238509
0.942356 0.0236049 
0.982456 0.0232008 
1.02256 0.0227854 0.0226483 0.0226483
1.06266 0.0223595 
1.10276 0.021924 
1.14286 0.0214797 0.0213517 0.0213517
1.18296 0.0210276 
1.22306 0.0205684 
1.26316 0.0201032 0.0199844 0.0199844
1.30326 0.0196327 
1.34336 0.0191579 
1.38346 0.0186795 0.0185702 0.0185702
1.42356 0.0181986 
1.46366 0.0177157 
1.50376 0.0172319 0.0171319 0.0171319
1.54386 0.0167479 
1.58396 0.0162644 
1.62406 0.0157822 0.0156914 0.0156914
1.66416 0.015302 
1.70426 0.0148245 
1.74436 0.0143504 0.0142687 0.0142687
1.78446 0.0138804 
1.82456 0.013415 
1.86466 0.0129548 0.0128816 0.0128816
1.90476 0.0125003 
1.94486 0.0120522 
1.98496 0.0116108 0.0115458 0.0115458
2.02506 0.0111766 
2.06516 0.01075 
2.10526 0.0103314 0.0102742 0.0102742
2.14536 0.00992116 
2.18546 0.00951957 
2.22556 0.00912692 0.0090769 0.0090769
2.26566 0.00874346 
2.30576 0.00836939 
2.34586 0.00800491 0.00796152 0.00796152
2.38596 0.00765017 
2.42607 0.00730529 
2.46617 0.00697038 0.00693304 0.00693304
2.50627 0.00664548 
2.54637 0.00633066 
2.58647 0.00602592 0.00599406 0.00599406
2.62657 0.00573126 
2.66667 0.00544663 
2.70677 0.005172 0.00514504 0.00514504
2.74687 0.00490728 
2.78697 0.00465238 
2.82707 0.00440719 0.00438457 0.00438457
2.86717 0.00417158 
2.90727 0.0039454 
2.94737 0.0037285 0.00370969 0.00370969
2.98747 0.0035207 
3.02757 0.00332182 
3.06767 0.00313166 0.00311616 0.00311616
3.10777 0.00295003 
3.14787 0.0027767 
3.18797 0.00261147 0.00259882 0.00259882
3.22807 0.0024541 
3.26817 0.00230437 
3.30827 0.00216204 0.00215182 0.00215182
3.34837 0.00202688 
3.38847 0.00189865 
3.42857 0.0017771 0.00176892 0.00176892
3.46867 0.00166201 
3.50877 0.00155312 
3.54887 0.00145021 0.00144374 0.00144374
3.58897 0.00135303 
3.62907 0.00126136 
3.66917 0.00117495 0.00116989 0.00116989
3.70927 0.00109359 
3.74937 0.00101705 
3.78947 0.000945104 0.00094119 0.00094119
3.82957 0.000877548 
3.86967 0.000814169 
3.90977 0.000754762 0.000751775 0.000751775
3.94987 0.000699131 
3.98997 0.000647082 
4.03008 0.000598428 0.00059618 0.00059618
4.07018 0.00055299 
4.11028 0.000510593 
4.15038 0.00047107 0.000469404 0.000469404
4.19048 0.000434258 
4.23058 0.000400003 
4.27068 0.000368155 0.000366941 0.000366941
4.31078 0.000338572 
4.35088 0.000311117 
4.39098 0.000285659 0.000284792 0.000284792
4.43108 0.000262075 
4.47118 0.000240246 
4.51128 0.000220059 0.000219454 0.000219454
4.55138 0.000201407 
4.59148 0.000184188 
4.63158 0.000168307 0.000167896 0.000167896
4.67168 0.000153672 
4.71178 0.000140198 
4.75188 0.000127802 0.000127533 0.000127533
4.79198 0.00011641 
4.83208 0.000105948 
4.87218 9.63494e-05 9.61815e-05 9.61815e-05
4.91228 8.75504e-05 
4.95238 7.94913e-05 
4.99248 7.21164e-05 7.2019e-05 7.2019e-05
5.03258 6.53734e-05 
5.07268 5.92135e-05 
5.11278 5.35912e-05 5.35415e-05 5.35415e-05
5.15288 4.84639e-05 
5.19298 4.37922e-05 
5.23308 3.95392e-05 3.95206e-05 3.95206e-05
5.27318 3.56707e-05 
5.31328 3.21549e-05 
5.35338 2.89626e-05 2.89632e-05 2.89632e-05
5.39348 2.60663e-05 
5.43358 2.34409e-05 
5.47368 2.10631e-05 2.10747e-05 2.10747e-05
5.51378 1.89114e-05 
5.55388 1.69659e-05 
5.59398 1.52084e-05 1.52254e-05 1.52254e-05
5.63409 1.36221e-05 
5.67419 1.21915e-05 
5.71429 1.09024e-05 1.09212e-05 1.09212e-05
5.75439 9.74187e-06 
5.79449 8.69789e-06 
5.83459 7.7596e-06 7.778e-06 7.77799e-06
5.87469 6.91699e-06 
5.91479 6.16096e-06 
5.95489 5.48318e-06 5.49999e-06 5.49999e-06
5.99499 4.87607e-06 
6.03509 4.33272e-06 
6.07519 3.84684e-06 3.86148e-06 3.86148e-06
6.11529 3.41273e-06 
6.15539 3.02518e-06 
6.19549 2.67951e-06 2.69182e-06 2.69182e-06
6.23559 2.37144e-06 
6.27569 2.09711e-06 
6.31579 1.85304e-06 1.86311e-06 1.86311e-06
6.35589 1.63607e-06 
6.39599 1.44335e-06 
6.43609 1.27231e-06 1.28036e-06 1.28036e-06
6.47619 1.12065e-06 
6.51629 9.8628e-07 
6.55639 8.67328e-07 8.73629e-07 8.73628e-07
6.59649 7.62114e-07 
6.63659 6.6913e-07 
6.67669 5.87021e-07 5.91865e-07 5.91864e-07
6.71679 5.14578e-07 
6.75689 4.50715e-07 
6.79699 3.94462e-07 3.98117e-07 3.98116e-07
6.83709 3.44956e-07 
6.87719 3.01422e-07 
6.91729 2.63172e-07 2.65872e-07 2.65869e-07
6.95739 2.29593e-07 
6.99749 2.00138e-07 
7.03759 1.74323e-07 1.76259e-07 1.76254e-07
7.07769 1.51717e-07 
7.11779 1.31938e-07 
7.15789 1.14645e-07 1.15959e-07 1.15951e-07
7.19799 9.95396e-08 
7.2381 8.63555e-08 
7.2782 7.4858e-08 7.56417e-08 7.56283e-08
7.3183 6.48396e-08 
7.3584 5.61172e-08 
7.3985 4.85295e-08 4.8816e-08 4.87941e-08
7.4386 4.19343e-08 
7.4787 3.62065e-08 
7.5188 3.12362e-08 3.0988e-08 3.09523e-08
7.5589 2.69268e-08 
7.599 2.31934e-08 
7.6391 1.99617e-08 1.90486e-08 1.89908e-08
7.6792 1.71666e-08 
7.7193 1.47512e-08 
7.7594 1.26655e-08 1.08272e-08 1.07346e-08
7.7995 1.08661e-08 
7.8396 9.31485e-09 
7.8797 7.97873e-09 4.76473e-09 4.61724e-09
7.9198 6.82883e-09 
7.9599 5.84e-09 
8 4.99038e-09 0 0
