t=0.498489
-8 2.54004e-16 0 0
-7.9599 3.50912e-16 
-7.9198 4.84015e-16 
-7.8797 6.66533e-16 7.17998e-16 6.86859e-16
-7.8396 9.164e-16 
-7.7995 1.25791e-15 
-7.7594 1.72392e-15 2.09828e-15 2.08634e-15
-7.7193 2.35878e-15 
-7.6792 3.22224e-15 
-7.6391 4.39471e-15 5.36888e-15 5.36436e-15
-7.599 5.98417e-15 
-7.5589 8.13542e-15 
-7.5188 1.10422e-14 1.33331e-14 1.33315e-14
-7.4787 1.49636e-14 
-7.4386 2.0245e-14 
-7.3985 2.73464e-14 3.2583e-14 3.25824e-14
-7.3584 3.68795e-14 
-7.3183 4.9656e-14 
-7.2782 6.67514e-14 7.85098e-14 7.85096e-14
-7.2381 8.95882e-14 
-7.19799 1.20045e-13 
-7.15789 1.60597e-13 1.86573e-13 1.86573e-13
-7.11779 2.14502e-13 
-7.07769 2.86042e-13 
-7.03759 3.80828e-13 4.37296e-13 4.37296e-13
-6.99749 5.0621e-13 
-6.95739 6.7179e-13 
-6.91729 8.901e-13 1.01087e-12 1.01087e-12
-6.87719 1.17746e-12 
-6.83709 1.55509e-12 
-6.79699 2.05053e-12 2.30463e-12 2.30463e-12
-6.75689 2.69947e-12 
-6.71679 3.54808e-12 
-6.67669 4.65598e-12 5.18179e-12 5.18178e-12
-6.63659 6.1e-12 
-6.59649 7.97904e-12 
-6.55639 1.04201e-11 1.14901e-11 1.14901e-11
-6.51629 1.35862e-11 
-6.47619 1.76858e-11 
-6.43609 2.29855e-11 2.51259e-11 2.51259e-11
-6.39599 2.98253e-11 
-6.35589 3.86383e-11 
-6.31579 4.99751e-11 5.41834e-11 5.41834e-11
-6.27569 6.45344e-11 
-6.23559 8.32014e-11 
-6.19549 1.07096e-10 1.15225e-10 1.15225e-10
-6.15539 1.37631e-10 
-6.11529 1.76588e-10 
-6.07519 2.26209e-10 2.41634e-10 2.41634e-10
-6.03509 2.89308e-10 
-5.99499 3.69413e-10 
-5.95489 4.70941e-10 4.99676e-10 4.99676e-10
-5.91479 5.9941e-10 
-5.87469 7.61698e-10 
-5.83459 9.66371e-10 1.0189e-09 1.0189e-09
-5.79449 1.22407e-09 
-5.75439 1.54801e-09 
-5.71429 1.95453e-09 2.04869e-09 2.04869e-09
-5.67419 2.46384e-09 
-5.63409 3.10088e-09 
-5.59398 3.89637e-09 4.06178e-09 4.06178e-09
-5.55388 4.88807e-09 
-5.51378 6.12233e-09 
-5.47368 7.65595e-09 7.94047e-09 7.94047e-09
-5.43358 9.55836e-09 
-5.39348 1.19143e-08 
-5.35338 1.48272e-08 1.53058e-08 1.53058e-08
-5.31328 1.84226e-08 
-5.27318 2.28531e-08 
-5.23308 2.83036e-08 2.90897e-08 2.90897e-08
-5.19298 3.49978e-08 
-5.15288 4.32059e-08 
-5.11278 5.32533e-08 5.45118e-08 5.45118e-08
-5.07268 6.5532e-08 
-5.03258 8.05123e-08 
-4.99248 9.87584e-08 1.00716e-07 1.00716e-07
-4.95238 1.20945e-07 
-4.91228 1.47878e-07 
-4.87218 1.8052e-07 1.8347e-07 1.8347e-07
-4.83208 2.20012e-07 
-4.79198 2.67714e-07 
-4.75188 3.25236e-07 3.29515e-07 3.29515e-07
-4.71178 3.94483e-07 
-4.67168 4.77706e-07 
-4.63158 5.77559e-07 5.83481e-07 5.83481e-07
-4.59148 6.97163e-07 
-4.55138 8.40185e-07 
-4.51128 1.01092e-06 1.01862e-06 1.01862e-06
-4.47118 1.21441e-06 
-4.43108 1.45651e-06 
-4.39098 1.74408e-06 1.75319e-06 1.75319e-06
-4.35088 2.08507e-06 
-4.31078 2.48873e-06 
-4.27068 2.96578e-06 2.97488e-06 2.97488e-06
-4.23058 3.52859e-06 
-4.19048 4.19148e-06 
-4.15038 4.97092e-06 4.97654e-06 4.97654e-06
-4.11028 5.88584e-06 
-4.07018 6.95799e-06 
-4.03008 8.21223e-06 8.20727e-06 8.20727e-06
-3.98997 9.67703e-06 
-3.94987 1.13848e-05 
-3.90977 1.33725e-05 1.33438e-05 1.33438e-05
-3.86967 1.56821e-05 
-3.82957 1.8361e-05 
-3.78947 2.14631e-05 2.13876e-05 2.13876e-05
-3.74937 2.5049e-05 
-3.70927 2.91873e-05 
-3.66917 3.39546e-05 3.37945e-05 3.37945e-05
-3.62907 3.94373e-05 
-3.58897 4.57319e-05 
-3.54887 5.29461e-05 5.26409e-05 5.26409e-05
-3.50877 6.12001e-05 
-3.46867 7.06275e-05 
-3.42857 8.13764e-05 8.08336e-05 8.08336e-05
-3.38847 9.36109e-05 
-3.34837 0.000107512 
-3.30827 0.00012328 0.000122362 0.000122362
-3.26817 0.000141134 
-3.22807 0.000161314 
-3.18797 0.000184084 0.000182594 0.000182594
-3.14787 0.000209732 
-3.10777 0.00023857 
-3.06767 0.000270939 0.000268598 0.000268598
-3.02757 0.000307207 
-2.98747 0.00034777 
-2.94737 0.00039306 0.000389491 0.000389491
-2.90727 0.000443535 
-2.86717 0.00049969 
-2.82707 0.000562053 0.000556755 0.000556755
-2.78697 0.000631186 
-2.74687 0.000707686 
-2.70677 0.000792188 0.000784513 0.000784513
-2.66667 0.000885359 
-2.62657 0.000987904 
-2.58647 0.00110056 0.00108969 0.00108969
-2.54637 0.0012241 
-2.50627 0.00135932 
-2.46617 0.00150707 0.00149201 0.00149201
-2.42607 0.00166819 
-2.38596 0.00184359 
-2.34586 0.00203416 0.00201373 0.00201373
-2.30576 0.00224085 
-2.26566 0.00246457 
-2.22556 0.0027063 0.0026791 0.0026791
-2.18546 0.00296697 
-2.14536 0.00324755 
-2.10526 0.00354896 0.00351346 0.00351346
-2.06516 0.00387215 
-2.02506 0.004218 
-1.98496 0.00458738 0.00454189 0.00454189
-1.94486 0.00498112 
-1.90476 0.00540001 
-1.86466 0.00584475 0.0057875 0.0057875
-1.82456 0.00631599 
-1.78446 0.0068143 
-1.74436 0.00734016 0.0072694 0.0072694
-1.70426 0.00789395 
-1.66416 0.00847593 
-1.62406 0.00908625 0.00900027 0.00900027
-1.58396 0.00972494 
-1.54386 0.0103919 
-1.50376 0.0110868 0.0109841 0.0109841
-1.46366 0.0118092 
-1.42356 0.0125586 
-1.38346 0.0133342 0.0132135 0.0132135
-1.34336 0.014135 
-1.30326 0.01496 
-1.26316 0.0158077 0.0156682 0.0156682
-1.22306 0.0166769 
-1.18296 0.0175656 
-1.14286 0.0184721 0.0183134 0.0183134
-1.10276 0.0193944 
-1.06266 0.0203301 
-1.02256 0.0212769 0.0210991 0.0210991
-0.982456 0.0222322 
-0.942356 0.0231932 
-0.902256 0.0241571 0.023961 0.023961
-0.862155 0.0251209 
-0.822055 0.0260813 
-0.781955 0.0270351 0.026822 0.026822
-0.741855 0.0279791 
-0.701754 0.0289097 
-0.661654 0.0298235 0.0295953 0.0295953
-0.621554 0.0307171 
-0.581454 0.0315868 
-0.541353 0.0324293 0.0321884 0.0321884
-0.501253 0.0332411 
-0.461153 0.0340188 
-0.421053 0.034759 0.0345083 0.0345083
-0.380952 0.0354586 
-0.340852 0.0361145 
-0.300752 0.0367237 0.0364664 0.0364664
-0.260652 0.0372837 
-0.220551 0.0377916 
-0.180451 0.0382454 0.0379848 0.0379848
-0.140351 0.0386428 
-0.100251 0.0389819 
-0.0601504 0.0392613 0.039001 0.039001
-0.0200501 0.0394795 
0.0200501 0.0396356 
0.0601504 0.0397287 0.0394721 0.0394721
0.100251 0.0397586 
0.140351 0.0397249 
0.180451 0.0396279 0.0393781 0.0393781
0.220551 0.0394681 
0.260652 0.0392462 
0.300752 0.0389632 0.0387232 0.0387232
0.340852 0.0386206 
0.380952 0.03822 
0.421053 0.0377631 0.0375354 0.0375354
0.461153 0.0372522 
0.501253 0.0366897 
0.541353 0.0360779 0.0358646 0.0358646
0.581454 0.0354198 
0.621554 0.0347183 
0.661654 0.0339764 0.0337792 0.0337792
0.701754 0.0331973 
0.741855 0.0323844 
0.781955 0.0315411 0.0313611 0.0313611
0.822055 0.0306707 
0.862155 0.0297768 
0.902256 0.028863 0.0287009 0.0287009
0.942356 0.0279326 
0.982456 0.0269891 
1.02256 0.0260359 0.0258919 0.0258919
1.06266 0.0250764 
1.10276 0.0241138 
1.14286 0.0231512 0.023025 0.023025
1.18296 0.0221916 
1.22306 0.021238 
1.26316 0.0202929 0.020184 0.020184
1.30326 0.0193591 
1.34336 0.0184388 
1.38346 0.0175343 0.0174416 0.0174416
1.42356 0.0166477 
1.46366 0.0157807 
1.50376 0.0149351 0.0148574 0.0148574
1.54386 0.0141123 
1.58396 0.0133136 
1.62406 0.0125402 0.0124762 0.0124762
1.66416 0.0117929 
1.70426 0.0110725 
1.74436 0.0103795 0.0103277 0.0103277
1.78446 0.00971452 
1.82456 0.00907765 
1.86466 0.00846904 0.0084278 0.0084278
1.90476 0.00788869 
1.94486 0.00733643 
1.98496 0.00681199 0.00677982 0.00677982
2.02506 0.006315 
2.06516 0.00584496 
2.10526 0.00540132 0.00537674 0.00537674
2.14536 0.00498343 
2.18546 0.00459057 
2.22556 0.00422196 0.00420361 0.00420361
2.26566 0.0038768 
2.30576 0.0035542 
2.34586 0.00325327 0.00323992 0.00323992
2.38596 0.0029731 
2.42607 0.00271275 
2.46617 0.00247127 0.00246183 0.00246183
2.50627 0.00224772 
2.54637 0.00204115 
2.58647 0.00185062 0.00184417 0.00184417
2.62657 0.00167522 
2.66667 0.00151404 
2.70677 0.0013662 0.00136197 0.00136197
2.74687 0.00123084 
2.78697 0.00110714 
2.82707 0.000994293 0.00099166 0.00099166
2.86717 0.000891534 
2.90727 0.000798129 
2.94737 0.00071338 0.000711862 0.000711862
2.98747 0.00063662 
3.02757 0.000567221 
3.06767 0.000504588 0.000503816 0.000503816
3.10777 0.000448161 
3.14787 0.000397415 
3.18797 0.000351858 0.000351559 0.000351559
3.22807 0.00031103 
3.26817 0.000274506 
3.30827 0.000241888 0.000241871 0.000241871
3.34837 0.000212809 
3.38847 0.00018693 
3.42857 0.000163939 0.000164071 0.000164071
3.46867 0.000143549 
3.50877 0.000125496 
3.54887 0.000109541 0.000109737 0.000109737
3.58897 9.54633e-05 
3.62907 8.30636e-05 
3.66917 7.21605e-05 7.237e-05 7.237e-05
3.70927 6.25898e-05 
3.74937 5.4203e-05 
3.78947 4.68659e-05 4.706e-05 4.706e-05
3.82957 4.04583e-05 
3.86967 3.48717e-05 
3.90977 3.00092e-05 3.01748e-05 3.01748e-05
3.94987 2.57841e-05 
3.98997 2.2119e-05 
4.03008 1.8945e-05 1.90786e-05 1.90785e-05
4.07018 1.6201e-05 
4.11028 1.38326e-05 
4.15038 1.17919e-05 1.1895e-05 1.1895e-05
4.19048 1.00365e-05 
4.23058 8.52897e-06 
4.27068 7.23651e-06 7.31326e-06 7.31326e-06
4.31078 6.13026e-06 
4.35088 5.18498e-06 
4.39098 4.37859e-06 4.43401e-06 4.43401e-06
4.43108 3.69181e-06 
4.47118 3.10787e-06 
4.51128 2.6122e-06 2.65113e-06 2.65113e-06
4.55138 2.19214e-06 
4.59148 1.83675e-06 
4.63158 1.53657e-06 1.56325e-06 1.56325e-06
4.67168 1.28343e-06 
4.71178 1.07032e-06 
4.75188 8.91202e-07 9.09068e-07 9.09068e-07
4.79198 7.409e-07 
4.83208 6.14983e-07 
4.87218 5.0967e-07 5.21375e-07 5.21375e-07
4.91228 4.21731e-07 
4.95238 3.48421e-07 
4.99248 2.87406e-07 2.94919e-07 2.94919e-07
5.03258 2.36706e-07 
5.07268 1.94647e-07 
5.11278 1.59811e-07 1.64538e-07 1.64538e-07
5.15288 1.31006e-07 
5.19298 1.07225e-07 
5.23308 8.7625e-08 9.05435e-08 9.05435e-08
5.27318 7.14964e-08 
5.31328 5.82458e-08 
5.35338 4.73773e-08 4.91459e-08 4.91459e-08
5.39348 3.84771e-08 
5.43358 3.12003e-08 
5.47368 2.52605e-08 2.63132e-08 2.63132e-08
5.51378 2.04199e-08 
5.55388 1.64813e-08 
5.59398 1.32817e-08 1.38973e-08 1.38973e-08
5.63409 1.06868e-08 
5.67419 8.58557e-09 
5.71429 6.88682e-09 7.24062e-09 7.24062e-09
5.75439 5.51566e-09 
5.79449 4.41069e-09 
5.83459 3.52164e-09 3.72157e-09 3.72157e-09
5.87469 2.80746e-09 
5.91479 2.23467e-09 
5.95489 1.77601e-09 1.88712e-09 1.88712e-09
5.99499 1.40932e-09 
6.03509 1.11662e-09 
6.07519 8.83352e-10 9.44096e-10 9.44096e-10
6.11529 6.97744e-10 
6.15539 5.50291e-10 
6.19549 4.33335e-10 4.66009e-10 4.66009e-10
6.23559 3.40714e-10 
6.27569 2.6748e-10 
6.31579 2.09667e-10 2.26963e-10 2.26963e-10
6.35589 1.64099e-10 
6.39599 1.28238e-10 
6.43609 1.00062e-10 1.09074e-10 1.09074e-10
6.47619 7.79575e-11 
6.51629 6.06438e-11 
6.55639 4.71038e-11 5.17264e-11 5.17264e-11
6.59649 3.65313e-11 
6.63659 2.82889e-11 
6.67669 2.18731e-11 2.42078e-11 2.42078e-11
6.71679 1.68868e-11 
6.75689 1.30175e-11 
6.79699 1.00196e-11 1.11808e-11 1.11808e-11
6.83709 7.70053e-12 
6.87719 5.90931e-12 
6.91729 4.52793e-12 5.09674e-12 5.09674e-12
6.95739 3.46425e-12 
6.99749 2.64648e-12 
7.03759 2.01872e-12 2.2932e-12 2.2932e-12
7.07769 1.53757e-12 
7.11779 1.16935e-12 
7.15789 8.87991e-13 1.01847e-12 1.01847e-12
7.19799 6.73324e-13 
7.2381 5.09793e-13 
7.2782 3.85406e-13 4.46513e-13 4.46512e-13
7.3183 2.90938e-13 
7.3584 2.193e-13 
7.3985 1.65058e-13 1.93242e-13 1.9324e-13
7.4386 1.24049e-13 
7.4787 9.30918e-14 
7.5188 6.97576e-14 8.25234e-14 8.25174e-14
7.5589 5.21956e-14 
7.599 3.8998e-14 
7.6391 2.90948e-14 3.46762e-14 3.46608e-14
7.6792 2.16748e-14 
7.7193 1.61237e-14 
7.7594 1.19769e-14 1.40803e-14 1.40417e-14
7.7995 8.88369e-15 
7.8396 6.57985e-15 
7.8797 4.86646e-15 4.8674e-15 4.77169e-15
7.9198 3.59407e-15 
7.9599 2.65055e-15 
8 1.95194e-15 0 0
