t=0.249245
-8 2.85724e-30 0 0
-7.9599 5.44591e-30 
-7.9198 1.03466e-29 
-7.8797 1.95943e-29 1.96414e-28 1.93147e-28
-7.8396 3.69882e-29 
-7.7995 6.95985e-29 
-7.7594 1.30539e-28 1.15852e-27 1.15797e-27
-7.7193 2.44053e-28 
-7.6792 4.54811e-28 
-7.6391 8.44854e-28 6.50658e-27 6.50645e-27
-7.599 1.56435e-27 
-7.5589 2.8873e-27 
-7.5188 5.31193e-27 3.57232e-26 3.5723e-26
-7.4787 9.74129e-27 
-7.4386 1.78067e-26 
-7.3985 3.24455e-26 1.91834e-25 1.91834e-25
-7.3584 5.8929e-26 
-7.3183 1.06686e-25 
-7.2782 1.92526e-25 1.00738e-24 1.00738e-24
-7.2381 3.46317e-25 
-7.19799 6.20958e-25 
-7.15789 1.10983e-24 5.17196e-24 5.17194e-24
-7.11779 1.9772e-24 
-7.07769 3.51116e-24 
-7.03759 6.21519e-24 2.59549e-23 2.59548e-23
-6.99749 1.09663e-23 
-6.95739 1.92874e-23 
-6.91729 3.38133e-23 1.27289e-22 1.27289e-22
-6.87719 5.9089e-23 
-6.83709 1.02927e-22 
-6.79699 1.78713e-22 6.09928e-22 6.09927e-22
-6.75689 3.09305e-22 
-6.71679 5.33607e-22 
-6.67669 9.17615e-22 2.85491e-21 2.8549e-21
-6.63659 1.57291e-21 
-6.59649 2.68751e-21 
-6.55639 4.57722e-21 1.30509e-20 1.30509e-20
-6.51629 7.77064e-21 
-6.47619 1.31497e-20 
-6.43609 2.21809e-20 5.82557e-20 5.82556e-20
-6.39599 3.72948e-20 
-6.35589 6.25058e-20 
-6.31579 1.04423e-19 2.53861e-19 2.53861e-19
-6.27569 1.73891e-19 
-6.23559 2.88645e-19 
-6.19549 4.77588e-19 1.07977e-18 1.07976e-18
-6.15539 7.87677e-19 
-6.11529 1.29493e-18 
-6.07519 2.12203e-18 4.48183e-18 4.48182e-18
-6.03509 3.46624e-18 
-5.99499 5.64381e-18 
-5.95489 9.15988e-18 1.81506e-17 1.81506e-17
-5.91479 1.48188e-17 
-5.87469 2.38968e-17 
-5.83459 3.84124e-17 7.17061e-17 7.17061e-17
-5.79449 6.15472e-17 
-5.75439 9.82992e-17 
-5.71429 1.56494e-16 2.76295e-16 2.76295e-16
-5.67419 2.48341e-16 
-5.63409 3.9283e-16 
-5.59398 6.19394e-16 1.03816e-15 1.03816e-15
-5.55388 9.73495e-16 
-5.51378 1.52513e-15 
-5.47368 2.38168e-15 3.80324e-15 3.80324e-15
-5.43358 3.70737e-15 
-5.39348 5.75247e-15 
-5.35338 8.89708e-15 1.35822e-14 1.35822e-14
-5.31328 1.37166e-14 
-5.27318 2.1079e-14 
-5.23308 3.22894e-14 4.72761e-14 4.72761e-14
-5.19298 4.93032e-14 
-5.15288 7.50405e-14 
-5.11278 1.13847e-13 1.60361e-13 1.60361e-13
-5.07268 1.72169e-13 
-5.03258 2.59533e-13 
-4.99248 3.89975e-13 5.29999e-13 5.29999e-13
-4.95238 5.84098e-13 
-4.91228 8.7205e-13 
-4.87218 1.29779e-12 1.70649e-12 1.70649e-12
-4.83208 1.92518e-12 
-4.79198 2.84672e-12 
-4.75188 4.19589e-12 5.35209e-12 5.35209e-12
-4.71178 6.16467e-12 
-4.67168 9.02822e-12 
-4.63158 1.31796e-11 1.63482e-11 1.63482e-11
-4.59148 1.91781e-11 
-4.55138 2.78174e-11 
-4.51128 4.02193e-11 4.86282e-11 4.86282e-11
-4.47118 5.79641e-11 
-4.43108 8.32703e-11 
-4.39098 1.19242e-10 1.40837e-10 1.40837e-10
-4.35088 1.70205e-10 
-4.31078 2.42172e-10 
-4.27068 3.43464e-10 3.97104e-10 3.97103e-10
-4.23058 4.85564e-10 
-4.19048 6.84255e-10 
-4.15038 9.61163e-10 1.08992e-09 1.08992e-09
-4.11028 1.34581e-09 
-4.07018 1.87835e-09 
-4.03008 2.61323e-09 2.91163e-09 2.91163e-09
-3.98997 3.62398e-09 
-3.94987 5.00957e-09 
-3.90977 6.90277e-09 7.56978e-09 7.56978e-09
-3.86967 9.481e-09 
-3.82957 1.29805e-08 
-3.78947 1.77149e-08 1.91508e-08 1.91508e-08
-3.74937 2.40986e-08 
-3.70927 3.26778e-08 
-3.66917 4.41695e-08 4.71413e-08 4.71413e-08
-3.62907 5.95113e-08 
-3.58897 7.99254e-08 
-3.54887 1.06999e-07 1.12898e-07 1.12898e-07
-3.50877 1.42784e-07 
-3.46867 1.89929e-07 
-3.42857 2.51831e-07 2.63024e-07 2.63024e-07
-3.38847 3.32841e-07 
-3.34837 4.38503e-07 
-3.30827 5.75861e-07 5.96066e-07 5.96066e-07
-3.26817 7.53825e-07 
-3.22807 9.83633e-07 
-3.18797 1.27939e-06 1.31385e-06 1.31385e-06
-3.14787 1.65876e-06 
-3.10777 2.14375e-06 
-3.06767 2.76167e-06 2.81651e-06 2.81651e-06
-3.02757 3.54634e-06 
-2.98747 4.53939e-06 
-2.94737 5.79195e-06 5.87165e-06 5.87165e-06
-2.90727 7.36651e-06 
-2.86717 9.33917e-06 
-2.82707 1.18022e-05 1.19031e-05 1.19031e-05
-2.78697 1.48673e-05 
-2.74687 1.86684e-05 
-2.70677 2.33665e-05 2.34628e-05 2.34628e-05
-2.66667 2.91535e-05 
-2.62657 3.62575e-05 
-2.58647 4.49485e-05 4.4967e-05 4.4967e-05
-2.54637 5.55448e-05 
-2.50627 6.842e-05 
-2.46617 8.40104e-05 8.37867e-05 8.37867e-05
-2.42607 0.000102824 
-2.38596 0.000125449 
-2.34586 0.000152563 0.000151774 0.000151774
-2.30576 0.000184946 
-2.26566 0.000223486 
-2.22556 0.000269196 0.000267265 0.000267265
-2.18546 0.00032322 
-2.14536 0.000386847 
-2.10526 0.000461523 0.000457493 0.000457493
-2.06516 0.000548857 
-2.02506 0.000650635 
-1.98496 0.000768826 0.000761213 0.000761213
-1.94486 0.000905589 
-1.90476 0.00106328 
-1.86466 0.00124445 0.00123109 0.00123109
-1.82456 0.00145184 
-1.78446 0.00168839 
-1.74436 0.00195723 0.00193517 0.00193517
-1.70426 0.00226164 
-1.66416 0.00260507 
-1.62406 0.00299109 0.00295652 0.00295652
-1.58396 0.00342336 
-1.54386 0.00390562 
-1.50376 0.00444163 0.00438996 0.00438996
-1.46366 0.00503511 
-1.42356 0.00568972 
-1.38346 0.00640896 0.00633502 0.00633502
-1.34336 0.00719613 
-1.30326 0.00805426 
-1.26316 0.00898604 0.00888448 0.00888448
-1.22306 0.0099937 
-1.18296 0.011079 
-1.14286 0.0122431 0.0121089 0.0121089
-1.10276 0.0134864 
-1.06266 0.0148088 
-1.02256 0.0162091 0.0160384 0.0160384
-0.982456 0.0176855 
-0.942356 0.0192349 
-0.902256 0.0208536 0.0206441 0.0206441
-0.862155 0.0225367 
-0.822055 0.0242782 
-0.781955 0.0260712 0.0258228 0.0258228
-0.741855 0.0279078 
-0.701754 0.0297788 
-0.661654 0.0316743 0.0313893 0.0313893
-0.621554 0.0335836 
-0.581454 0.035495 
-0.541353 0.037396 0.0370794 0.0370794
-0.501253 0.0392739 
-0.461153 0.0411153 
-0.421053 0.0429065 0.0425652 0.0425652
-0.380952 0.0446338 
-0.340852 0.0462834 
-0.300752 0.0478418 0.0474845 0.0474845
-0.260652 0.0492961 
-0.220551 0.0506336 
-0.180451 0.0518428 0.0514788 0.0514788
-0.140351 0.0529127 
-0.100251 0.0538337 
-0.0601504 0.0545974 0.0542362 0.0542362
-0.0200501 0.0551968 
0.0200501 0.0556263 
0.0601504 0.0558817 0.0555318 0.0555318
0.100251 0.0559609 
0.140351 0.0558631 
0.180451 0.0555893 0.0552581 0.0552581
0.220551 0.055142 
0.260652 0.0545256 
0.300752 0.0537459 0.0534395 0.0534395
0.340852 0.0528102 
0.380952 0.051727 
0.421053 0.0505062 0.0502288 0.0502288
0.461153 0.0491588 
0.501253 0.0476965 
0.541353 0.0461319 0.0458861 0.0458861
0.581454 0.0444781 
0.621554 0.0427486 
0.661654 0.040957 0.0407442 0.0407442
0.701754 0.039117 
0.741855 0.0372422 
0.781955 0.0353458 0.035166 0.035166
0.822055 0.0334405 
0.862155 0.0315386 
0.902256 0.0296514 0.0295035 0.0295035
0.942356 0.0277897 
0.982456 0.0259631 
1.02256 0.0241806 0.0240625 0.0240625
1.06266 0.0224499 
1.10276 0.0207777 
1.14286 0.0191699 0.0190786 0.0190786
1.18296 0.0176312 
1.22306 0.0161652 
1.26316 0.0147748 0.0147069 0.0147069
1.30326 0.0134618 
1.34336 0.0122272 
1.38346 0.0110712 0.0110228 0.0110228
1.42356 0.00999315 
1.46366 0.00899199 
1.50376 0.00806593 0.00803327 0.00803327
1.54386 0.00721272 
1.58396 0.0064297 
1.62406 0.00571386 0.00569318 0.00569318
1.66416 0.00506195 
1.70426 0.00447049 
1.74436 0.00393589 0.00392391 0.00392391
1.78446 0.00345448 
1.82456 0.00302257 
1.86466 0.00263647 0.00263042 0.00263042
1.90476 0.00229258 
1.94486 0.00198739 
1.98496 0.0017175 0.00171521 0.00171521
2.02506 0.00147969 
2.06516 0.00127088 
2.10526 0.00108818 0.00108803 0.00108803
2.14536 0.000928875 
2.18546 0.000790457 
2.22556 0.000670602 0.000671509 0.000671509
2.26566 0.000567177 
2.30576 0.000478234 
2.34586 0.000402005 0.000403276 0.000403276
2.38596 0.000336895 
2.42607 0.000281469 
2.46617 0.000234446 0.000235697 0.000235697
2.50627 0.000194684 
2.54637 0.000161174 
2.58647 0.000133028 0.000134082 0.000134082
2.62657 0.000109464 
2.66667 8.98017e-05 
2.70677 7.34487e-05 7.42547e-05 7.42547e-05
2.74687 5.98925e-05 
2.78697 4.86913e-05 
2.82707 3.9466e-05 4.00394e-05 4.00394e-05
2.86717 3.18926e-05 
2.90727 2.56954e-05 
2.94737 2.06406e-05 2.10254e-05 2.10254e-05
2.98747 1.65307e-05 
3.02757 1.31997e-05 
3.06767 1.05087e-05 1.07544e-05 1.07544e-05
3.10777 8.3415e-06 
3.14787 6.60167e-06 
3.18797 5.20933e-06 5.35923e-06 5.35923e-06
3.22807 4.09855e-06 
3.26817 3.21516e-06 
3.30827 2.5148e-06 2.60257e-06 2.60257e-06
3.34837 1.96127e-06 
3.38847 1.52512e-06 
3.42857 1.18253e-06 1.23196e-06 1.23196e-06
3.46867 9.14243e-07 
3.50877 7.04789e-07 
3.54887 5.41763e-07 5.68605e-07 5.68605e-07
3.58897 4.15255e-07 
3.62907 3.17382e-07 
3.66917 2.41888e-07 2.55962e-07 2.55962e-07
3.70927 1.83831e-07 
3.74937 1.39315e-07 
3.78947 1.05284e-07 1.12419e-07 1.12419e-07
3.82957 7.93435e-08 
3.86967 5.96286e-08 
3.90977 4.46886e-08 4.81905e-08 4.81905e-08
3.94987 3.33999e-08 
3.98997 2.48947e-08 
4.03008 1.85049e-08 2.01703e-08 2.01703e-08
4.07018 1.37181e-08 
4.11028 1.01423e-08 
4.15038 7.47859e-09 8.24681e-09 8.24681e-09
4.19048 5.49988e-09 
4.23058 4.03408e-09 
4.27068 2.95123e-09 3.29524e-09 3.29524e-09
4.31078 2.15347e-09 
4.35088 1.56732e-09 
4.39098 1.13782e-09 1.28749e-09 1.28749e-09
4.43108 8.2394e-10 
4.47118 5.95158e-10 
4.51128 4.28841e-10 4.92162e-10 4.92162e-10
4.55138 3.08247e-10 
4.59148 2.2103e-10 
4.63158 1.58113e-10 1.84182e-10 1.84182e-10
4.67168 1.12839e-10 
4.71178 8.03407e-11 
4.75188 5.70711e-11 6.7525e-11 6.75249e-11
4.79198 4.04495e-11 
4.83208 2.86049e-11 
4.87218 2.01843e-11 2.42706e-11 2.42706e-11
4.91228 1.42117e-11 
4.95238 9.98527e-12 
4.99248 7.0011e-12 8.55957e-12 8.55957e-12
5.03258 4.89873e-12 
5.07268 3.42083e-12 
5.11278 2.3841e-12 2.96457e-12 2.96457e-12
5.15288 1.65839e-12 
5.19298 1.15141e-12 
5.23308 7.97963e-13 1.00931e-12 1.00931e-12
5.27318 5.52025e-13 
5.31328 3.81225e-13 
5.35338 2.62827e-13 3.38131e-13 3.38131e-13
5.39348 1.80904e-13 
5.43358 1.24319e-13 
5.47368 8.53015e-14 1.11588e-13 1.11588e-13
5.51378 5.8443e-14 
5.55388 3.99841e-14 
5.59398 2.73176e-14 3.63181e-14 3.63181e-14
5.63409 1.8639e-14 
5.67419 1.27014e-14 
5.71429 8.64468e-15 1.16714e-14 1.16714e-14
5.75439 5.87683e-15 
5.79449 3.99076e-15 
5.83459 2.70713e-15 3.70814e-15 3.70814e-15
5.87469 1.83455e-15 
5.91479 1.24204e-15 
5.95489 8.40146e-16 1.16619e-15 1.16619e-15
5.99499 5.67814e-16 
6.03509 3.83453e-16 
6.07519 2.58759e-16 3.63501e-16 3.635e-16
6.11529 1.74492e-16 
6.15539 1.17591e-16 
6.19549 7.91974e-17 1.12435e-16 1.12435e-16
6.23559 5.33094e-17 
6.27569 3.58651e-17 
6.31579 2.41175e-17 3.45515e-17 3.45515e-17
6.35589 1.62108e-17 
6.39599 1.08918e-17 
6.43609 7.31535e-18 1.05605e-17 1.05605e-17
6.47619 4.91164e-18 
6.51629 3.29674e-18 
6.55639 2.2122e-18 3.21357e-18 3.21357e-18
6.59649 1.48408e-18 
6.63659 9.9539e-19 
6.67669 6.67486e-19 9.74477e-19 9.74476e-19
6.71679 4.47522e-19 
6.75689 2.99997e-19 
6.79699 2.01075e-19 2.94693e-19 2.94693e-19
6.83709 1.34756e-19 
6.87719 9.03e-20 
6.91729 6.05044e-20 8.89343e-20 8.89343e-20
6.95739 4.05368e-20 
6.99749 2.71569e-20 
7.03759 1.81921e-20 2.67979e-20 2.67979e-20
7.07769 1.21861e-20 
7.11779 8.16248e-21 
7.15789 5.46718e-21 8.06582e-21 8.06581e-21
7.19799 3.66176e-21 
7.2381 2.45246e-21 
7.2782 1.6425e-21 2.4258e-21 2.42579e-21
7.3183 1.10001e-21 
7.3584 7.36686e-22 
7.3985 4.93356e-22 7.29159e-22 7.29158e-22
7.4386 3.30395e-22 
7.4787 2.21259e-22 
7.5188 1.48172e-22 2.19081e-22 2.19078e-22
7.5589 9.92263e-23 
7.599 6.64485e-23 
7.6391 4.44981e-23 6.57609e-23 6.57542e-23
7.6792 2.97986e-23 
7.7193 1.99549e-23 
7.7594 1.33629e-23 1.95781e-23 1.95558e-23
7.7995 8.94852e-24 
7.8396 5.9924e-24 
7.8797 4.01283e-24 5.30089e-24 5.22677e-24
7.9198 2.68719e-24 
7.9599 1.79948e-24 
8 1.20502e-24 0 0
