t=0.747734
-8 1.07939e-11 0 0
-7.9599 1.33925e-11 
-7.9198 1.6599e-11 
-7.8797 2.05511e-11 1.57187e-11 1.47685e-11
-7.8396 2.54169e-11 
-7.7995 3.14011e-11 
-7.7594 3.87526e-11 3.76502e-11 3.71502e-11
-7.7193 4.7774e-11 
-7.6792 5.88324e-11 
-7.6391 7.23729e-11 7.41976e-11 7.39371e-11
-7.599 8.89344e-11 
-7.5589 1.09169e-10 
-7.5188 1.33863e-10 1.3882e-10 1.38685e-10
-7.4787 1.63967e-10 
-7.4386 2.00627e-10 
-7.3985 2.45219e-10 2.5442e-10 2.54351e-10
-7.3584 2.99402e-10 
-7.3183 3.65165e-10 
-7.2782 4.44896e-10 4.6049e-10 4.60455e-10
-7.2381 5.41454e-10 
-7.19799 6.58263e-10 
-7.15789 7.99414e-10 8.24933e-10 8.24916e-10
-7.11779 9.69791e-10 
-7.07769 1.17522e-09 
-7.03759 1.42264e-09 1.46355e-09 1.46354e-09
-6.99749 1.7203e-09 
-6.95739 2.07801e-09 
-6.91729 2.50742e-09 2.5719e-09 2.57189e-09
-6.87719 3.02232e-09 
-6.83709 3.63905e-09 
-6.79699 4.37694e-09 4.47689e-09 4.47689e-09
-6.75689 5.2588e-09 
-6.71679 6.31158e-09 
-6.67669 7.56699e-09 7.71933e-09 7.71933e-09
-6.63659 9.0624e-09 
-6.59649 1.08417e-08 
-6.55639 1.29565e-08 1.31844e-08 1.31844e-08
-6.51629 1.54672e-08 
-6.47619 1.84446e-08 
-6.43609 2.19716e-08 2.23059e-08 2.23058e-08
-6.39599 2.61449e-08 
-6.35589 3.10777e-08 
-6.31579 3.69016e-08 3.7381e-08 3.7381e-08
-6.27569 4.37699e-08 
-6.23559 5.1861e-08 
-6.19549 6.13819e-08 6.20518e-08 6.20518e-08
-6.15539 7.2573e-08 
-6.11529 8.57124e-08 
-6.07519 1.01122e-07 1.0203e-07 1.0203e-07
-6.03509 1.19175e-07 
-5.99499 1.403e-07 
-5.95489 1.64992e-07 1.66176e-07 1.66176e-07
-5.91479 1.93823e-07 
-5.87469 2.27448e-07 
-5.83459 2.6662e-07 2.68085e-07 2.68085e-07
-5.79449 3.12204e-07 
-5.75439 3.65189e-07 
-5.71429 4.2671e-07 4.28391e-07 4.28391e-07
-5.67419 4.9806e-07 
-5.63409 5.80719e-07 
-5.59398 6.7637e-07 6.78061e-07 6.78061e-07
-5.55388 7.86932e-07 
-5.51378 9.14587e-07 
-5.47368 1.06181e-06 1.06306e-06 1.06306e-06
-5.43358 1.23142e-06 
-5.39348 1.42658e-06 
-5.35338 1.65091e-06 1.65082e-06 1.65082e-06
-5.31328 1.90846e-06 
-5.27318 2.20384e-06 
-5.23308 2.5422e-06 2.53921e-06 2.53921e-06
-5.19298 2.92938e-06 
-5.15288 3.3719e-06 
-5.11278 3.87712e-06 3.86857e-06 3.86857e-06
-5.07268 4.45327e-06 
-5.03258 5.10955e-06 
-4.99248 5.85627e-06 5.83785e-06 5.83785e-06
-4.95238 6.70494e-06 
-4.91228 7.66837e-06 
-4.87218 8.76084e-06 8.72579e-06 8.72579e-06
-4.83208 9.99824e-06 
-4.79198 1.13982e-05 
-4.75188 1.29802e-05 1.29183e-05 1.29183e-05
-4.71178 1.47661e-05 
-4.67168 1.67796e-05 
-4.63158 1.90473e-05 1.8943e-05 1.8943e-05
-4.59148 2.15983e-05 
-4.55138 2.44647e-05 
-4.51128 2.76819e-05 2.75131e-05 2.75131e-05
-4.47118 3.12887e-05 
-4.43108 3.53275e-05 
-4.39098 3.9845e-05 3.95796e-05 3.95796e-05
-4.35088 4.4892e-05 
-4.31078 5.05241e-05 
-4.27068 5.6802e-05 5.63957e-05 5.63957e-05
-4.23058 6.37916e-05 
-4.19048 7.15646e-05 
-4.15038 8.01988e-05 7.95902e-05 7.95902e-05
-4.11028 8.97785e-05 
-4.07018 0.000100395 
-4.03008 0.000112147 0.000111253 0.000111253
-3.98997 0.00012514 
-3.94987 0.000139489 
-3.90977 0.000155317 0.000154028 0.000154028
-3.86967 0.000172756 
-3.82957 0.000191947 
-3.78947 0.000213042 0.000211216 0.000211216
-3.74937 0.000236202 
-3.70927 0.0002616 
-3.66917 0.000289418 0.00028687 0.00028687
-3.62907 0.000319852 
-3.58897 0.000353109 
-3.54887 0.000389405 0.000385904 0.000385904
-3.50877 0.000428974 
-3.46867 0.000472057 
-3.42857 0.000518911 0.000514167 0.000514167
-3.38847 0.000569805 
-3.34837 0.000625022 
-3.30827 0.000684856 0.000678517 0.000678517
-3.26817 0.000749615 
-3.22807 0.000819619 
-3.18797 0.000895202 0.000886845 0.000886845
-3.14787 0.000976709 
-3.10777 0.0010645 
-3.06767 0.00115893 0.00114806 0.00114806
-3.02757 0.0012604 
-2.98747 0.00136928 
-2.94737 0.00148598 0.001472 0.001472
-2.90727 0.00161089 
-2.86717 0.00174444 
-2.82707 0.00188704 0.0018693 0.0018693
-2.78697 0.00203912 
-2.74687 0.00220109 
-2.70677 0.00237339 0.00235114 0.00235114
-2.66667 0.00255643 
-2.62657 0.00275065 
-2.58647 0.00295645 0.00292888 0.00292888
-2.54637 0.00317426 
-2.50627 0.00340447 
-2.46617 0.00364747 0.00361369 0.00361369
-2.42607 0.00390363 
-2.38596 0.00417331 
-2.34586 0.00445686 0.00441595 0.00441595
-2.30576 0.00475457 
-2.26566 0.00506675 
-2.22556 0.00539366 0.00534468 0.00534468
-2.18546 0.00573551 
-2.14536 0.00609251 
-2.10526 0.00646481 0.00640681 0.00640681
-2.06516 0.00685253 
-2.02506 0.00725573 
-1.98496 0.00767444 0.0076065 0.0076065
-1.94486 0.00810864 
-1.90476 0.00855824 
-1.86466 0.00902311 0.00894438 0.00894438
-1.82456 0.00950305 
-1.78446 0.00999783 
-1.74436 0.0105071 0.0104169 0.0104169
-1.70426 0.0110306 
-1.66416 0.0115677 
-1.62406 0.012118 0.0120156 0.0120156
-1.58396 0.0126809 
-1.54386 0.0132558 
-1.50376 0.0138419 0.013727 0.013727
-1.46366 0.0144385 
-1.42356 0.0150448 
-1.38346 0.0156597 0.0155319 0.0155319
-1.34336 0.0162823 
-1.30326 0.0169116 
-1.26316 0.0175464 0.0174059 0.0174059
-1.22306 0.0181856 
-1.18296 0.018828 
-1.14286 0.0194722 0.0193192 0.0193192
-1.10276 0.0201169 
-1.06266 0.0207608 
-1.02256 0.0214023 0.0212373 0.0212373
-0.982456 0.0220401 
-0.942356 0.0226727 
-0.902256 0.0232985 0.0231223 0.0231223
-0.862155 0.023916 
-0.822055 0.0245237 
-0.781955 0.0251199 0.0249335 0.0249335
-0.741855 0.0257031 
-0.701754 0.0262717 
-0.661654 0.0268243 0.0266291 0.0266291
-0.621554 0.0273592 
-0.581454 0.0278749 
-0.541353 0.0283701 0.0281675 0.0281675
-0.501253 0.0288432 
-0.461153 0.0292928 
-0.421053 0.0297177 0.0295095 0.0295095
-0.380952 0.0301166 
-0.340852 0.0304882 
-0.300752 0.0308314 0.0306193 0.0306193
-0.260652 0.0311452 
-0.220551 0.0314285 
-0.180451 0.0316806 0.0314666 0.0314666
-0.140351 0.0319006 
-0.100251 0.0320879 
-0.0601504 0.0322417 0.0320276 0.0320276
-0.0200501 0.0323617 
0.0200501 0.0324475 
0.0601504 0.0324988 0.0322866 0.0322866
0.100251 0.0325153 
0.140351 0.0324972 
0.180451 0.0324444 0.032236 0.032236
0.220551 0.0323571 
0.260652 0.0322356 
0.300752 0.0320802 0.0318773 0.0318773
0.340852 0.0318915 
0.380952 0.0316701 
0.421053 0.0314167 0.0312209 0.0312209
0.461153 0.031132 
0.501253 0.0308169 
0.541353 0.0304725 0.0302853 0.0302853
0.581454 0.0300998 
0.621554 0.0296999 
0.661654 0.0292741 0.0290967 0.0290967
0.701754 0.0288236 
0.741855 0.0283497 
0.781955 0.0278538 0.0276872 0.0276872
0.822055 0.0273374 
0.862155 0.026802 
0.902256 0.026249 0.0260939 0.0260939
0.942356 0.02568 
0.982456 0.0250966 
1.02256 0.0245002 0.0243571 0.0243571
1.06266 0.0238925 
1.10276 0.023275 
1.14286 0.0226492 0.0225185 0.0225185
1.18296 0.0220168 
1.22306 0.0213793 
1.26316 0.020738 0.0206196 0.0206196
1.30326 0.0200945 
1.34336 0.0194502 
1.38346 0.0188065 0.0187004 0.0187004
1.42356 0.0181647 
1.46366 0.0175262 
1.50376 0.016892 0.0167977 0.0167977
1.54386 0.0162634 
1.58396 0.0156415 
1.62406 0.0150274 0.0149444 0.0149444
1.66416 0.0144219 
1.70426 0.0138261 
1.74436 0.0132408 0.0131686 0.0131686
1.78446 0.0126668 
1.82456 0.0121047 
1.86466 0.0115553 0.0114931 0.0114931
1.90476 0.011019 
1.94486 0.0104964 
1.98496 0.00998795 0.00993491 0.00993491
2.02506 0.009494 
2.06516 0.00901486 
2.10526 0.00855078 0.00850604 0.00850604
2.14536 0.00810194 
2.18546 0.00766849 
2.22556 0.0072505 0.0072132 0.0072132
2.26566 0.00684799 
2.30576 0.00646093 
2.34586 0.00608926 0.00605851 0.00605851
2.38596 0.00573285 
2.42607 0.00539156 
2.46617 0.00506518 0.00504015 0.00504015
2.50627 0.0047535 
2.54637 0.00445624 
2.58647 0.00417312 0.004153 0.004153
2.62657 0.00390383 
2.66667 0.00364803 
2.70677 0.00340536 0.0033894 0.0033894
2.74687 0.00317545 
2.78697 0.00295791 
2.82707 0.00275234 0.00273986 0.00273986
2.86717 0.00255833 
2.90727 0.00237547 
2.94737 0.00220333 0.00219371 0.00219371
2.98747 0.00204149 
3.02757 0.00188952 
3.06767 0.001747 0.00173971 0.00173971
3.10777 0.00161352 
3.14787 0.00148865 
3.18797 0.00137198 0.00136655 0.00136655
3.22807 0.00126311 
3.26817 0.00116164 
3.30827 0.00106719 0.00106322 0.00106322
3.34837 0.000979373 
3.38847 0.000897827 
3.42857 0.000822196 0.00081936 0.00081936
3.46867 0.000752135 
3.50877 0.000687313 
3.54887 0.00062741 0.000625434 0.000625434
3.58897 0.000572118 
3.62907 0.000521145 
3.66917 0.000474208 0.000472874 0.000472874
3.70927 0.000431041 
3.74937 0.000391386 
3.78947 0.000355002 0.000354135 0.000354135
3.82957 0.000321658 
3.86967 0.000291136 
3.90977 0.000263231 0.000262696 0.000262696
3.94987 0.000237747 
3.98997 0.000214502 
4.03008 0.000193325 0.00019302 0.00019302
4.07018 0.000174053 
4.11028 0.000156536 
4.15038 0.000140632 0.000140481 0.000140481
4.19048 0.00012621 
4.23058 0.000113147 
4.27068 0.000101328 0.000101275 0.000101275
4.31078 9.06473e-05 
4.35088 8.10064e-05 
4.39098 7.2314e-05 7.23198e-05 7.23198e-05
4.43108 6.44858e-05 
4.47118 5.7444e-05 
4.51128 5.11169e-05 5.11547e-05 5.11547e-05
4.55138 4.54384e-05 
4.59148 4.03479e-05 
4.63158 3.57896e-05 3.58419e-05 3.58419e-05
4.67168 3.17127e-05 
4.71178 2.80703e-05 
4.75188 2.482e-05 2.48757e-05 2.48757e-05
4.79198 2.19227e-05 
4.83208 1.93431e-05 
4.87218 1.7049e-05 1.71018e-05 1.71018e-05
4.91228 1.5011e-05 
4.95238 1.32026e-05 
4.99248 1.15998e-05 1.16464e-05 1.16464e-05
5.03258 1.01807e-05 
5.07268 8.92583e-06 
5.11278 7.8173e-06 7.85656e-06 7.85656e-06
5.15288 6.8392e-06 
5.19298 5.97713e-06 
5.23308 5.2182e-06 5.25004e-06 5.25004e-06
5.27318 4.5508e-06 
5.31328 3.96456e-06 
5.35338 3.45018e-06 3.47525e-06 3.47525e-06
5.39348 2.99936e-06 
5.43358 2.60469e-06 
5.47368 2.25955e-06 2.27881e-06 2.27881e-06
5.51378 1.95808e-06 
5.55388 1.69503e-06 
5.59398 1.46577e-06 1.48023e-06 1.48023e-06
5.63409 1.26617e-06 
5.67419 1.0926e-06 
5.71429 9.41823e-07 9.52483e-07 9.52483e-07
5.75439 8.10995e-07 
5.79449 6.97602e-07 
5.83459 5.99429e-07 6.07144e-07 6.07144e-07
5.87469 5.14527e-07 
5.91479 4.41184e-07 
5.95489 3.77895e-07 3.83387e-07 3.83387e-07
5.99499 3.23344e-07 
6.03509 2.76374e-07 
6.07519 2.35979e-07 2.39827e-07 2.39827e-07
6.11529 2.01274e-07 
6.15539 1.71492e-07 
6.19549 1.45963e-07 1.4862e-07 1.4862e-07
6.23559 1.24103e-07 
6.27569 1.05405e-07 
6.31579 8.94301e-08 9.12388e-08 9.12388e-08
6.35589 7.57961e-08 
6.39599 6.41729e-08 
6.43609 5.42747e-08 5.54892e-08 5.54892e-08
6.47619 4.58548e-08 
6.51629 3.87003e-08 
6.55639 3.26276e-08 3.34325e-08 3.34325e-08
6.59649 2.74789e-08 
6.63659 2.31182e-08 
6.67669 1.9429e-08 1.99556e-08 1.99556e-08
6.71679 1.63113e-08 
6.75689 1.36795e-08 
6.79699 1.14602e-08 1.18004e-08 1.18004e-08
6.83709 9.59091e-09 
6.87719 8.01803e-09 
6.91729 6.69604e-09 6.9131e-09 6.9131e-09
6.95739 5.58614e-09 
6.99749 4.6553e-09 
7.03759 3.87548e-09 4.01223e-09 4.01221e-09
7.07769 3.2229e-09 
7.11779 2.67739e-09 
7.15789 2.22187e-09 2.30681e-09 2.30678e-09
7.19799 1.84191e-09 
7.2381 1.52532e-09 
7.2782 1.26182e-09 1.31359e-09 1.31354e-09
7.3183 1.04275e-09 
7.3584 8.60801e-10 
7.3985 7.09855e-10 7.40277e-10 7.40178e-10
7.4386 5.84764e-10 
7.4787 4.81211e-10 
7.5188 3.95579e-10 4.11753e-10 4.11564e-10
7.5589 3.24845e-10 
7.599 2.66479e-10 
7.6391 2.1837e-10 2.23871e-10 2.23513e-10
7.6792 1.78759e-10 
7.7193 1.4618e-10 
7.7594 1.19413e-10 1.14778e-10 1.14106e-10
7.7995 9.7445e-11 
7.8396 7.94351e-11 
7.8797 6.4686e-11 4.71095e-11 4.58589e-11
7.9198 5.26203e-11 
7.9599 4.27604e-11 
8 3.47116e-11 0 0
