0 -0.248576 -0.248662 -4.06169 -4.25349 -4.40622 
-0.30103 -0.549673 -0.549625 -5.15198 -4.81003 -6.33326 
-0.60206 -0.850692 -0.850666 -5.68593 -5.37469 -7.48571 
-0.90309 -1.15172 -1.1517 -6.27035 -5.96678 -8.67694 
-1.20412 -1.45274 -1.45274 -6.86797 -6.5663 -9.87775 
-1.50515 -1.75377 -1.75377 -7.46892 -7.16773 -11.0794 
-1.80618 -2.0548 -2.0548 -8.0707 -7.76963 -12.2582 
-2.10721 -2.35583 -2.35583 -8.67269 -8.37165 -13.1889 
-2.40824 -2.65686 -2.65686 -9.27476 -8.97369 -13.4717 
-2.70927 -2.95789 -2.95789 -9.8769 -9.5757 -13.4508 
-3.0103 -3.25892 -3.25892 -10.4793 -10.1776 -13.509 
-3.31133 -3.55995 -3.55995 -11.0827 -10.779 -13.4257 
-3.61236 -3.86098 -3.86098 -11.691 -11.379 -13.4618 
-3.91339 -4.16201 -4.16201 -12.3204 -11.9677 -13.5137 
-4.21442 -4.46304 -4.46304 -13.0608 -12.531 -13.444 
-4.51545 -4.76407 -4.76407 -14.1484 -13.0126 -13.7642 
-4.81648 -5.0651 -5.0651 -14.5744 -13.1601 -13.3052 
-5.11751 -5.36613 -5.36613 -13.1919 -13.5654 -13.3324 
-5.41854 -5.66716 -5.66716 -13.3817 -13.2111 -13.3852 
-5.71957 -5.96819 -5.96819 -13.2966 -13.3514 -13.3429 
-6.0206 -6.26922 -6.26922 -13.0553 -13.0392 -13.0429 
-6.32163 -6.57025 -6.57025 -13.5396 -13.5636 -13.548 
-6.62266 -6.87128 -6.87128 -13.7615 -13.7451 -13.7671 
-6.92369 -7.17231 -7.17231 -12.7459 -12.7432 -12.7451 
-7.22472 -7.47334 -7.47334 -13.0141 -13.0161 -13.0151 
-7.52575 -7.77437 -7.77437 -12.393 -12.393 -12.393 
