-3.01029995663981198017e-01 -1.93431776852082548679e+00 -3.20610047305417333874e+00
-2.48000694295715051751e+00 -6.23609129843637433055e+00 -1.18948938502130303618e+01
-2.77959649125782437551e+00 -6.83526872149845399207e+00 -1.30692285501594920305e+01
-2.95520653754194162488e+00 -7.18648834113641932220e+00 -1.35012714301439658016e+01
-3.07990446766672087975e+00 -7.43588283128039506664e+00 -1.31076344451711790384e+01
-3.17666993266814934316e+00 -7.62941382675135049141e+00 -1.25382821831311215277e+01
-3.25575478664304407417e+00 -7.78758321488636173768e+00 -1.31033314214719283086e+01
-3.32263271169222340617e+00 -7.92134178471578120906e+00 -1.23042336709746908952e+01
-3.38057300306688723879e+00 -8.03724448288662252082e+00 -1.26466660665791224005e+01
-3.43168534468601160725e+00 -8.13940025472843764476e+00 -1.23955214361564660663e+01
-3.47741068790725149640e+00 -8.23081323286601929112e+00 -1.25320820043229268492e+01
-3.51877706892677499795e+00 -8.31364119622454822434e+00 -1.22059754132856852493e+01
-3.55654370848351453205e+00 -8.38917239363086331139e+00 -1.20951512347359475541e+01
-3.59128726505849948936e+00 -8.45875388027833352567e+00 -1.23273263536227819515e+01
-3.62345604806993382141e+00 -8.52296336947025245934e+00 -1.22773479242443492865e+01
-3.65340549066450126503e+00 -8.58289581110692978427e+00 -1.21477656183181252914e+01
-3.68142215572100850451e+00 -8.63887866260195380619e+00 -1.21802918316917256902e+01
-3.70774045427377130224e+00 -8.69172940249858783091e+00 -1.19236663705637848665e+01
-3.73255457985143213051e+00 -8.74114863906319783382e+00 -1.21283853466917506125e+01
-3.75602721297344110951e+00 -8.78808116774747283273e+00 -1.17926231538269288279e+01
-3.77829599108883362746e+00 -8.83287086154567013807e+00 -1.18582707996783938142e+01
-3.79947839883798099692e+00 -8.87549884869220839789e+00 -1.24317544565304736182e+01
-3.81967551999429266729e+00 -8.91492551787948883657e+00 -1.19922204345209824083e+01
-3.83897495495546792199e+00 -8.95362421339375913476e+00 -1.20768729693260272740e+01
-3.85745311703526638780e+00 -8.99026327982339523714e+00 -1.18808347720678106896e+01
-3.87517705981470417242e+00 -9.02642769580441672872e+00 -1.23963613483876784471e+01
-3.89220594597577251861e+00 -9.06045042486487517408e+00 -1.16844235409303092155e+01
-3.90859223884756934453e+00 -9.09291183289420779090e+00 -1.17627197547462802873e+01
-3.92438267720197320187e+00 -9.12499389585265774372e+00 -1.16391652582534863569e+01
-3.93961907895669805058e+00 -9.15556085263904328997e+00 -1.16386194247340863939e+01
-3.95433900860246012599e+00 -9.18493408262822796928e+00 -1.22961490637798771530e+01
-3.96857633517549768243e+00 -9.21433385130029058985e+00 -1.17829510616601851325e+01
-3.98236170163314673331e+00 -9.23910831096965345921e+00 -1.14283086611359880891e+01
-3.99572292199546508229e+00 -9.26996861261079807548e+00 -1.16692800571007353483e+01
-4.00868531919516790651e+00 -9.29230803506841418482e+00 -1.19855001672360810261e+01
-4.02127201395103828219e+00 -9.31987909169263062381e+00 -1.14778378227588007121e+01
-4.03350417294517438194e+00 -9.34233156889565563574e+00 -1.16942798243960837112e+01
-4.04540122299584226084e+00 -9.36337552438701870017e+00 -1.19655628835516196773e+01
-4.05698103666811338286e+00 -9.38790114337795422728e+00 -1.13070796603940149083e+01
-4.06826009377469954842e+00 -9.41183671093460816337e+00 -1.17556579002587948679e+01
-4.07925362243007771923e+00 -9.44116952444714208070e+00 -1.12781934111247572616e+01
-4.08997572268772913162e+00 -9.45598633874219451911e+00 -1.11592799213195448260e+01
-4.10043947527910823680e+00 -9.48516130021708292475e+00 -1.15961409313707903834e+01
-4.11065703755803113495e+00 -9.50038669233329713393e+00 -1.19204227207774220432e+01
-4.12063972841556669380e+00 -9.52115494407916784780e+00 -1.12390460195858619130e+01
-4.13039810365280146698e+00 -9.53352378026711555492e+00 -1.15341224171147498367e+01
-4.13994202306998015928e+00 -9.55769967704871525882e+00 -1.15425158076534835061e+01
-4.14928071034102341486e+00 -9.57509742813592090727e+00 -1.11947029452400119709e+01
-4.15842280658488228084e+00 -9.59610545031225825596e+00 -1.14392989077494799943e+01
-4.16737641841358286143e+00 -9.60828639030675901722e+00 -1.20641128612308321522e+01
-4.17614916112654910307e+00 -9.62555972209481858215e+00 -1.15042713650895525035e+01
-4.18474819762794059130e+00 -9.64537067389073676793e+00 -1.11411555726119626542e+01
-4.19318027356534539507e+00 -9.66084204667145485246e+00 -1.14467608741454753840e+01
-4.20145174912171892601e+00 -9.68774799614980786089e+00 -1.17890783594054493477e+01
-4.20956862783594054633e+00 -9.68941698573328835664e+00 -1.18491477153893089991e+01
-4.21753658277913690000e+00 -9.72644359433070881948e+00 -1.14362140369095737213e+01
-4.22536098037265972494e+00 -9.72520297467967154148e+00 -1.14595174466405982372e+01
-4.23304690209818268443e+00 -9.75177476534884668524e+00 -1.14407864010071094185e+01
-4.24059916431988259689e+00 -9.77200822323713680362e+00 -1.15027342827301115591e+01
-4.24802233641235371664e+00 -9.77462958387040714570e+00 -1.08542399062554686395e+01
-4.25532075736510773112e+00 -9.76121747191801070187e+00 -1.14314939319384354377e+01
-4.26249855101476793351e+00 -9.77765332842552581383e+00 -1.08096608001997793735e+01
-4.26955964003882115776e+00 -9.81989131210542431916e+00 -1.13326245790584270168e+01
-4.27650775882985545451e+00 -9.78204039943255665435e+00 -1.13445474257515961369e+01
-4.28334646535604690598e+00 -9.84797498806485194223e+00 -1.09537068789577816119e+01
-4.29007915210220147628e+00 -9.83967001963903342698e+00 -1.13047585804352248573e+01
-4.29670905617560361378e+00 -9.86708537440961919174e+00 -1.11563777834000692479e+01
-4.30323926865199624103e+00 -9.90636322493616994223e+00 -1.12852263937753836132e+01
-4.30967274322926652275e+00 -9.92185016498151028941e+00 -1.12893512845755275009e+01
-4.31601230424946269437e+00 -9.88967208402271680256e+00 -1.10561580558479093384e+01
-4.32226065414368409989e+00 -9.89115094716638232342e+00 -1.14144605926396547346e+01
-4.32842038034895093546e+00 -9.93972327772023511727e+00 -1.12616283461669866028e+01
-4.33449396174138623650e+00 -9.95303301219556324497e+00 -1.08656231124877482586e+01
-4.34048377462571721708e+00 -9.93975286613718012063e+00 -1.12368901488031074365e+01
-4.34639209831732920009e+00 -9.96224063533460579833e+00 -1.13632468584565486935e+01
-4.35222112034967967276e+00 -9.96920820995900669459e+00 -1.14593646800847821510e+01
-4.35797294133685841899e+00 -9.94503987333448336017e+00 -1.13822410294458435942e+01
-4.36364957951832277416e+00 -9.98098930107523507615e+00 -1.12929237665996797801e+01
-4.36925297501043097270e+00 -9.96044183612590749988e+00 -1.12867493940072662895e+01
-4.37478499378717344825e+00 -1.00418454922934117235e+01 -1.10967418550318122072e+01
-4.38024743141054795359e+00 -1.00157911954146801037e+01 -1.13271829443532130455e+01
-4.38564201652923291164e+00 -1.00396846685829181922e+01 -1.09944187735608096546e+01
-4.39097041416261557600e+00 -9.99704018540401584403e+00 -1.07670831500536401393e+01
-4.39623422878579983575e+00 -1.00352446426591779272e+01 -1.10718745943305858503e+01
-4.40143500722987024432e+00 -1.01383342149654520625e+01 -1.11463180138014941178e+01
-4.40657424141055464872e+00 -1.01292480526755586112e+01 -1.08587999431881456758e+01
-4.41165337089731224296e+00 -1.01175205230807740975e+01 -1.08620199971276587547e+01
-4.41667378533392263051e+00 -9.99640038252050722178e+00 -1.14282504928011601208e+01
-4.42163682672075442071e+00 -1.00834332330797487032e+01 -1.10651760061482935527e+01
-4.42654379156809607565e+00 -1.00853334020132336946e+01 -1.08861089111243689587e+01
-4.43139593292918831935e+00 -1.00910646830186081502e+01 -1.08340915181019639135e+01
-4.43619446232093572746e+00 -1.01051371866537209598e+01 -1.13393764353896440156e+01
-4.44094055153966404959e+00 -1.01468525243326244123e+01 -1.09663832074142337802e+01
-4.44563533437872582255e+00 -1.03469883983120283233e+01 -1.09900496603166200060e+01
-4.45027990825426300603e+00 -1.01788268180436780597e+01 -1.12282783139217272605e+01
-4.45487533574494598554e+00 -1.03372538721811650930e+01 -1.12127293761257398330e+01
-4.45942264605110150200e+00 -1.01656948821087844692e+01 -1.06927561496152527809e+01
-4.46392283637823528153e+00 -1.01617559558732395431e+01 -1.07545933852213018156e+01
-4.46837687324961674307e+00 -1.01881289599839099935e+01 -1.08247710263420682253e+01
-4.47278569375221923821e+00 -1.01904569946635294997e+01 -1.07713825833465186577e+01
-4.47715020672006680513e+00 -1.02164202689389504997e+01 -1.08580273318168671892e+01
-4.48147129385870002238e+00 -1.03561823115688067531e+01 -1.12642275378368381666e+01
-4.48574981081425239182e+00 -1.02440641231981981463e+01 -1.07650362960824210745e+01
-4.48998658819037999024e+00 -1.02705855465058686349e+01 -1.06676664715364335478e+01
-4.49418243251605797894e+00 -1.02537035492952188775e+01 -1.08013329898170589161e+01
-4.49833812716708347779e+00 -1.03026075682794413524e+01 -1.11360999479867892603e+01
-4.50245443324389249540e+00 -1.02841968572417847838e+01 -1.08583751848445988486e+01
-4.50653209040817692710e+00 -1.03619428742293919754e+01 -1.08470813256758091825e+01
-4.51057181768058157445e+00 -1.03782069508740271147e+01 -1.14744318570513215150e+01
-4.51457431420164834179e+00 -1.02197751444492066497e+01 -1.13010396031112279047e+01
-4.51854025995800867577e+00 -1.05340750004395289352e+01 -1.09137699417702318527e+01
-4.52247031647572228508e+00 -1.06883145521286877511e+01 -1.10796964664732691119e+01
-4.52636512748252162197e+00 -1.02382562377465315961e+01 -1.06221846411309073233e+01
-4.53022531954062568360e+00 -1.03288823115253762808e+01 -1.07989311687076892099e+01
-4.53405150265167478096e+00 -1.04770554084283347152e+01 -1.09131615533014461050e+01
-4.53784427083525354618e+00 -1.03933094559007148661e+01 -1.13556297357020667960e+01
-4.54160420268236553198e+00 -1.04275943767734862178e+01 -1.10612525262470935417e+01
-4.54533186188515792026e+00 -1.00889008105152377937e+01 -1.06737406192486261602e+01
-4.54902779774410159774e+00 -1.04312283577600162232e+01 -1.11781355797088188808e+01
-4.55269254565377590183e+00 -1.04980430716965660309e+01 -1.04154935888807358424e+01
-4.55632662756832118589e+00 -1.05473442214639412384e+01 -1.07933251123862898879e+01
-4.55993055244758949129e+00 -1.07147105758674126008e+01 -1.06341547430861265155e+01
-4.56350481668492236054e+00 -1.04238088395853889523e+01 -1.05810341635520703818e+01
-4.56704990451747949720e+00 -1.03367196136906560611e+01 -1.09321242814052297376e+01
-4.57056628841994783130e+00 -1.02762589886083350876e+01 -1.12354989035582679691e+01
-4.57405442948244544965e+00 -1.04135374902767789962e+01 -1.10378358672440821664e+01
-4.57751477777336468478e+00 -1.05208775260929829898e+01 -1.04654275240335667974e+01
-4.58094777268787645141e+00 -1.03043993377528035893e+01 -1.05579145297379177748e+01
-4.58435384328276729349e+00 -1.03620588351581233155e+01 -1.07994754921111528745e+01
-4.58773340859825040638e+00 -1.04224936995591725974e+01 -1.10078281069033661055e+01
-4.59108687796734660225e+00 -1.01816401844151496192e+01 -1.05997478777606755074e+01
-4.59441465131341786332e+00 -1.04363351683745584353e+01 -1.08139183475185625127e+01
-4.59771711943638283770e+00 -1.07019691125212030869e+01 -1.06555272354040670990e+01
-4.60099466428813652641e+00 -1.03754083172470181751e+01 -1.08678154217676983251e+01
-4.60424765923765022535e+00 -1.04704059955331416631e+01 -1.14954310802291690408e+01
-4.60747646932622068050e+00 -1.02703365831845623291e+01 -1.11544984716185524576e+01
-4.61068145151330011089e+00 -1.02972188333515699554e+01 -1.10117239026676418945e+01
-4.61386295491331832608e+00 -1.04444048106383124974e+01 -1.10385914117065340179e+01
-4.61702132102389573021e+00 -1.04918340011424184866e+01 -1.09842126710925036548e+01
-4.62015688394582024756e+00 -1.05651543295314223059e+01 -1.06508819358622641715e+01
-4.62326997059513278288e+00 -1.04731851262004891367e+01 -1.08693455857968466205e+01
-4.62636090090767648775e+00 -1.06169099233650321423e+01 -1.11146719945123226836e+01
-4.62942998803640470840e+00 -1.05535875152601210658e+01 -1.08214885701448846334e+01
-4.63247753854177801713e+00 -1.08868421358690365963e+01 -1.03884045602644370376e+01
-4.63550385257551855744e+00 -1.03453348195067764692e+01 -1.04856881080634867232e+01
-4.63850922405801302517e+00 -1.10280904090049798327e+01 -1.07282296307815840919e+01
-4.64149394084961564033e+00 -1.06291238811412345200e+01 -1.12056462629526212282e+01
-4.64445828491610424038e+00 -1.04617770176230902024e+01 -1.06720990756294451529e+01
-4.64740253248852930312e+00 -1.02765715273863431634e+01 -1.05114269558944926075e+01
-4.65032695421768327293e+00 -1.04680976584834546372e+01 -1.06921742798279364450e+01
-4.65323181532339713584e+00 -1.07018665617122650247e+01 -1.12980890975895835737e+01
-4.65611737573888539998e+00 -1.02343973789421358589e+01 -1.10583943597367930778e+01
-4.65898389025031978150e+00 -1.05536013152555749883e+01 -1.12747100971252489643e+01
-4.66183160863183321254e+00 -1.08051889694859166724e+01 -1.07216850998416983742e+01
-4.66466077577611937244e+00 -1.09659817684503835267e+01 -1.10152852219315331439e+01
-4.66747163182081425958e+00 -1.01986920575156965185e+01 -1.07175389141663988113e+01
-4.67026441227080635343e+00 -1.03691888307916322276e+01 -1.02581765860944624791e+01
-4.67303934811664412052e+00 -1.01186447196433917384e+01 -1.01486100249698871778e+01
-4.67579666594918297307e+00 -1.06236050923583782435e+01 -1.04996801517986355634e+01
-4.67853658807061467684e+00 -1.06396802299307822182e+01 -1.01550527986115497470e+01
-4.68125933260201865238e+00 -1.01906701042303016180e+01 -1.02568418511842942564e+01
-4.68396511358755951449e+00 -1.06315739657311176813e+01 -1.08650352370208427288e+01
-4.68665414109546407673e+00 -1.04710302860745727571e+01 -1.05799756730750704747e+01
-4.68932662131588440246e+00 -1.06461256720998083125e+01 -1.03121034863060483389e+01
-4.69198275665577568816e+00 -1.06073456463206952094e+01 -1.02740095250970249197e+01
-4.69462274583088223778e+00 -1.07159415951331986605e+01 -1.04706446308184855098e+01
-4.69724678395495320871e+00 -1.01288352967515411507e+01 -1.06120881339132751009e+01
-4.69985506262627072971e+00 -1.05090976573766425872e+01 -1.06376470231561928159e+01
-4.70244777001160407792e+00 -1.06465912683609360556e+01 -1.06407130629100876718e+01
-4.70502509092766185717e+00 -1.06233285294102852703e+01 -1.03122434851549442669e+01
-4.70758720692015408815e+00 -1.01844313430344790561e+01 -1.07656556645314971377e+01
-4.71013429634052371853e+00 -1.03825940262328249020e+01 -1.04151109433611424038e+01
-4.71266653442044969324e+00 -1.04317726991060677477e+01 -1.05334689355081430051e+01
-4.71518409334418819867e+00 -1.08304998224586732647e+01 -1.05542780527641859578e+01
-4.71768714231882491106e+00 -1.05913803101924042238e+01 -1.05907033878525869142e+01
-4.72017584764252173812e+00 -1.02779299911381460930e+01 -1.11491840730482234534e+01
-4.72265037277081400902e+00 -1.05240970764691592620e+01 -1.08099190634182509285e+01
-4.72511087838102827874e+00 -1.05354100044976775052e+01 -1.08020598784569994422e+01
-4.72755752243489535402e+00 -1.03930858962180696636e+01 -1.09848524497679154166e+01
-4.72999046023939495598e+00 -1.09661980533434277874e+01 -1.11630587660098932190e+01
-4.73240984450591728461e+00 -1.08589758869329564561e+01 -1.03508252651207808270e+01
-4.73481582540778056511e+00 -1.07817184065502615908e+01 -1.05595518374440882070e+01
-4.73720855063616497205e+00 -1.03070112159785480799e+01 -1.04974060292904365355e+01
-4.73958816545451622204e+00 -1.03665955400600822145e+01 -1.03371134347130926301e+01
-4.74195481275146146771e+00 -1.06745853754324482310e+01 -1.10354410452998799030e+01
-4.74430863309229700064e+00 -1.03543260389242028907e+01 -1.07695011274330845197e+01
-4.74664976476908506697e+00 -1.07270604133409985792e+01 -1.04919312737446563943e+01
-4.74897834384941130992e+00 -1.05214987016291843247e+01 -1.02834474865849472280e+01
-4.75129450422383303732e+00 -1.04954099578372872514e+01 -1.05776917728792252404e+01
-4.75359837765208048665e+00 -1.06996358645418432332e+01 -1.02913049682019419606e+01
-4.75589009380803062754e+00 -1.04168172541251422558e+01 -1.09870464738947912764e+01
-4.75816978032350768046e+00 -1.05732887320777706464e+01 -1.04118825770201919312e+01
-4.76043756283092900361e+00 -1.07697961644565936012e+01 -1.05272099756337382814e+01
-4.76269356500485585570e+00 -1.05434787221963048864e+01 -1.04501039557182888728e+01
-4.76493790860246502206e+00 -1.06364638011178183064e+01 -1.07446942445120470211e+01
-4.76717071350297505461e+00 -1.01892006542503619215e+01 -1.09659728517977743678e+01
-4.76939209774607419945e+00 -1.07308135622157294620e+01 -1.06582054267467309927e+01
-4.77160217756936333444e+00 -1.05244147029093717549e+01 -1.11162508028896596102e+01
-4.77380106744485388504e+00 -1.07087490378737264507e+01 -1.08312347496118270840e+01
-4.77598888011454292268e+00 -1.05257571009015435948e+01 -1.10414172402690979879e+01
-4.77816572662510452574e+00 -1.07515963415476285547e+01 -1.03322373962010960469e+01
-4.78033171636170450824e+00 -1.07381190447367362850e+01 -1.04550153988665197602e+01
-4.78248695708098825463e+00 -1.09701389714232249162e+01 -1.09578767581607330328e+01
-4.78463155494324610117e+00 -1.10760909538417315900e+01 -1.08779748097609427759e+01
-4.78676561454378823868e+00 -1.10810599202472950253e+01 -1.07714053698927880731e+01
-4.78888923894355844624e+00 -1.02283965908383667198e+01 -1.07423941727106271316e+01
-4.79100252969899820243e+00 -1.00941199976993196685e+01 -1.02582412460164800194e+01
-4.79310558689118870745e+00 -1.05265416816630761332e+01 -1.04716854727625410248e+01
-4.79519850915428946792e+00 -1.03222772669664148992e+01 -1.07188568490248705700e+01
-4.79728139370330008973e+00 -1.03970037768498233532e+01 -1.09916051858740058123e+01
-4.79935433636115238443e+00 -1.05671518893347027301e+01 -1.03664122173902040203e+01
-4.80141743158516387524e+00 -1.04863310803510287883e+01 -1.07911771676854062463e+01
-4.80347077249286424916e+00 -1.08968694779249304361e+01 -1.06174486087993802386e+01
-4.80551445088721340682e+00 -1.03074293841208231015e+01 -1.06998314845311597310e+01
-4.80754855728123153824e+00 -1.09310019424456008608e+01 -1.05053837582744922230e+01
-4.80957318092205188265e+00 -1.03044328674582850169e+01 -1.04277557307249058027e+01
-4.81158840981441926488e+00 -1.03063136983897223331e+01 -1.02424638943589769724e+01
-4.81359433074364062577e+00 -1.02837031560944431874e+01 -1.08202365252819294739e+01
-4.81559102929801152726e+00 -1.03809304177422525584e+01 -1.09474887959383373470e+01
-4.81757858989073284306e+00 -1.07995879339597511404e+01 -1.02615077084432240184e+01
-4.81955709578131763493e+00 -1.08127074855978726475e+01 -1.03257973891968628521e+01
-4.82152662909652551804e+00 -1.07894196634082479846e+01 -1.06416532739212925662e+01
-4.82348727085081474542e+00 -1.00545693960896134200e+01 -1.02319155456832699969e+01
-4.82543910096633865692e+00 -1.03102299714494147764e+01 -1.06733836290393409030e+01
-4.82738219829249537440e+00 -1.02979808774795920101e+01 -1.05972000380570285927e+01
-4.82931664062504051316e+00 -1.03178642303410441627e+01 -1.05557547349056441988e+01
-4.83124250472477712037e+00 -1.07967040572664956244e+01 -1.03339197676399638937e+01
-4.83315986633583172249e+00 -9.98754517456199231162e+00 -1.03432047914707538894e+01
-4.83506880020352802774e+00 -1.05744482021410934891e+01 -1.06600397795683008439e+01
-4.83696938009187693552e+00 -1.01541222080295732155e+01 -1.02471094427352635847e+01
-4.83886167880067308289e+00 -1.01511674814398773492e+01 -1.03183807944844954108e+01
-4.84074576818222990227e+00 -1.04770293763142703369e+01 -1.06069241602966570781e+01
-4.84262171915775052611e+00 -1.03743595371532180138e+01 -1.08143528530036423518e+01
-4.84448960173334786106e+00 -1.07760214244321925747e+01 -1.03825271267189709334e+01
-4.84634948501571649615e+00 -1.03462820083869466714e+01 -1.02926181562794702984e+01
-4.84820143722747864956e+00 -1.03829711832065925137e+01 -1.05235840444004047356e+01
-4.85004552572219616025e+00 -1.04273763215019528161e+01 -1.02753408979471831941e+01
-4.85188181699907161715e+00 -1.06370184270237242430e+01 -1.03171580839117691397e+01
-4.85371037671733596142e+00 -1.06045337369357248747e+01 -1.02203597759186397553e+01
-4.85553126971033588433e+00 -1.05652668363510553462e+01 -1.05488047260968684782e+01
-4.85734455999932812631e+00 -1.09141654561019283420e+01 -1.02354342256884276452e+01
-4.85915031080698422983e+00 -1.04291613977591701712e+01 -1.03276543241726805888e+01
-4.86094858457061729240e+00 -1.01421095876958826665e+01 -1.00205260834710685458e+01
-4.86273944295513782521e+00 -1.03787405919808097821e+01 -1.05453331181520937321e+01
-4.86452294686574227001e+00 -1.03122420008315138773e+01 -1.03037860552751912024e+01
-4.86629915646033772703e+00 -1.05049871944213144559e+01 -1.02472163485090881352e+01
-4.86806813116172065747e+00 -9.97447817954007476260e+00 -1.05085219443792698968e+01
-4.86982992966950600788e+00 -1.01743653767600328308e+01 -1.04806833064422733059e+01
-4.87158460997181208540e+00 -1.01583350315566001143e+01 -1.04489121732697807232e+01
-4.87333222935671539489e+00 -1.07172043974484374473e+01 -1.05153344666361281412e+01
-4.87507284442347099684e+00 -1.01681748437058860901e+01 -1.02026281899549928767e+01
-4.87680651109351526173e+00 -1.00864151410162907752e+01 -1.01977825638520620544e+01
-4.87853328462124302689e+00 -1.02248282357536748322e+01 -1.02434796580981153369e+01
-4.88025321960457336701e+00 -9.95925210340373112672e+00 -1.08382743104256586975e+01
-4.88196636999531197176e+00 -1.03352438705576901157e+01 -1.01871867606609729506e+01
-4.88367278910930302516e+00 -1.04605354095419098570e+01 -9.99213969261680468037e+00
-4.88537252963638479741e+00 -1.03471165177140029812e+01 -1.03308702487668835346e+01
-4.88706564365015605489e+00 -1.10803399474126003099e+01 -1.03505949702543187385e+01
-4.88875218261754262983e+00 -1.06265712093813586847e+01 -1.07709214128309831437e+01
-4.89043219740818901897e+00 -1.03759207679558222992e+01 -1.05220967014311135301e+01
-4.89210573830366257653e+00 -1.07000827802018871893e+01 -1.04823703061666044789e+01
-4.89377285500648628869e+00 -1.01615205496947762498e+01 -9.93049958078840866449e+00
-4.89543359664899124795e+00 -1.04120568749784894180e+01 -1.04983627031568271804e+01
-4.89708801180200925529e+00 -1.06920034294714181300e+01 -1.02652640369674781340e+01
-4.89873614848339489214e+00 -1.04812458854064018965e+01 -1.04566605978552100709e+01
-4.90037805416638683198e+00 -1.02671098593776335406e+01 -1.05419931595395279800e+01
-4.90201377578781460898e+00 -1.04097741422955447632e+01 -1.05508157243812483728e+01
