0.00000000000000000000e+00 1.00000000000000000000e+00 1.00000000000000000000e+00 1.00000000000000000000e+00
9.90099009900990111033e-03 9.78543632593123047236e-01 9.78331337034998527180e-01 9.78331023864536963863e-01
1.98019801980198022207e-02 9.57471953329304015234e-01 9.57055006604811131510e-01 9.57054393216802634647e-01
2.97029702970297015963e-02 9.36777669966836312732e-01 9.36163498177265740452e-01 9.36162597154174602743e-01
3.96039603960396044413e-02 9.16453638252732405434e-01 9.15649455148991209263e-01 9.15648278712995811190e-01
4.95049504950495072864e-02 8.96492859121241103537e-01 8.95505671902776412274e-01 8.95504231925690508120e-01
5.94059405940594101314e-02 8.76888475949292978129e-01 8.75725090925322802171e-01 8.75723398938282215909e-01
6.93069306930693129765e-02 8.57633771867807093159e-01 8.56300799984239358054e-01 8.56298867187157086711e-01
7.92079207920792088826e-02 8.38722167127794238084e-01 8.37226029363149604201e-01 8.37223866633946767202e-01
8.91089108910891047888e-02 8.20147216520234145776e-01 8.18494149153805028440e-01 8.18491767057422547893e-01
9.90099009900990006949e-02 8.01902606848705512554e-01 8.00098666604121766532e-01 8.00096075401318551634e-01
1.08910891089108896601e-01 7.83982154453786161952e-01 7.82033223521080289586e-01 7.82030433177022810121e-01
1.18811881188118792507e-01 7.66379802788246911049e-01 7.64291593727447260420e-01 7.64288613920096726595e-01
1.28712871287128688413e-01 7.49089620042088566443e-01 7.46867680571305148085e-01 7.46864520699606626586e-01
1.38613861386138598197e-01 7.32105796816496234847e-01 7.29755514487391399037e-01 7.29752183679269750272e-01
1.48514851485148507981e-01 7.15422643845791017547e-01 7.12949250609272611179e-01 7.12945757729440243722e-01
1.58415841584158417765e-01 6.99034589766492353569e-01 6.96443166431397364668e-01 6.96439520088979580059e-01
1.68316831683168327549e-01 6.82936178932611270831e-01 6.80231659520094789073e-01 6.80227868076075270487e-01
1.78217821782178237333e-01 6.67122069276322227083e-01 6.64309245272600157328e-01 6.64305316847094151633e-01
1.88118811881188147117e-01 6.51587030213170548265e-01 6.48670554723214443094e-01 6.48666497202571412650e-01
1.98019801980198056901e-01 6.36325940590997451984e-01 6.33310332395718100784e-01 6.33306153439459063037e-01
2.07920792079207966685e-01 6.21333786681776412131e-01 6.18223434201180088721e-01 6.18219141248774861630e-01
2.17821782178217876469e-01 6.06605660215573716521e-01 6.03404825380322473727e-01 6.03400425657810157709e-01
2.27722772277227786253e-01 5.92136756455861945625e-01 5.88849578489617053734e-01 5.88845079016073524869e-01
2.37623762376237696037e-01 5.77922372315433752199e-01 5.74552871430307421363e-01 5.74548279024164942896e-01
2.47524752475247605821e-01 5.63957904512173646694e-01 5.60509985519569986501e-01 5.60505306804791714193e-01
2.57425742574257487849e-01 5.50238847763967364735e-01 5.46716303603040354453e-01 5.46711545015154731786e-01
2.67326732673267397633e-01 5.36760793022040494371e-01 5.33167308207951884391e-01 5.33162475999949592165e-01
2.77227722772277307417e-01 5.23519425742032584736e-01 5.19858579736146686479e-01 5.19853679984244476664e-01
2.87128712871287217201e-01 5.10510524192129500065e-01 5.06785794696235969425e-01 5.06780833305511047016e-01
2.97029702970297126985e-01 4.97729957797590105706e-01 4.93944723974203747652e-01 4.93939706684101698109e-01
3.06930693069307036769e-01 4.85173685521019470990e-01 4.81331231141761350933e-01 4.81326163531481554525e-01
3.16831683168316946553e-01 4.72837754277752098098e-01 4.68941270801775722532e-01 4.68936158295537919294e-01
3.26732673267326856337e-01 4.60718297385723118964e-01 4.56770886970110812086e-01 4.56765734842305259900e-01
3.36633663366336766121e-01 4.48811533049221667024e-01 4.44816211493233859553e-01 4.44811024873458915607e-01
3.46534653465346675905e-01 4.37113762875931566310e-01 4.33073462500954187160e-01 4.33068246378944421426e-01
3.56435643564356585689e-01 4.25621370426675249554e-01 4.21538942893674772883e-01 4.21533702124122777732e-01
3.66336633663366495473e-01 4.14330819797295246687e-01 4.10209038863552977183e-01 4.10203778170827537686e-01
3.76237623762376405256e-01 4.03238654232115911746e-01 3.99080218448976564716e-01 3.99074942431741130910e-01
3.86138613861386315040e-01 3.92341494768441267915e-01 3.88149030121779758939e-01 3.88143743257512885414e-01
3.96039603960396224824e-01 3.81636038911558672648e-01 3.77412101406631672607e-01 3.77406808056053477696e-01
4.05940594059406134608e-01 3.71119059339726886648e-01 3.66866137532046276970e-01 3.66860841943452753444e-01
4.15841584158416044392e-01 3.60787402638642784591e-01 3.56507920112473786212e-01 3.56502626425982571678e-01
4.25742574257425954176e-01 3.50637988064889105644e-01 3.46334305860946212174e-01 3.46329018112656317196e-01
4.35643564356435863960e-01 3.40667806337878797951e-01 3.36342225331763056140e-01 3.36336947457830381936e-01
4.45544554455445773744e-01 3.30873918459821614313e-01 3.26528681692712596796e-01 3.26523417533345239328e-01
4.55445544554455683528e-01 3.21253454563252049958e-01 3.16890749526339221553e-01 3.16885502829714116313e-01
4.65346534653465593312e-01 3.11803612785664208129e-01 3.07425573659776296687e-01 3.07420348085880201783e-01
4.75247524752475503096e-01 3.02521658170813945166e-01 2.98130368022677338935e-01 2.98125167147074154883e-01
4.85148514851485412880e-01 2.93404921596257528549e-01 2.89002414532787466062e-01 2.88997241850315000899e-01
4.95049504950495322664e-01 2.84450798726704701114e-01 2.80039062008710648577e-01 2.80033920937108771199e-01
5.04950495049505176937e-01 2.75656748992778033447e-01 2.71237725109437333160e-01 2.71232618992909679800e-01
5.14851485148515086721e-01 2.67020294594776164132e-01 2.62595883300207777467e-01 2.62590815412919897920e-01
5.24752475247524996504e-01 2.58539019531051184053e-01 2.54111079844298315411e-01 2.54106053393813979824e-01
5.34653465346534906288e-01 2.50210568650618747633e-01 2.45780920820326570508e-01 2.45775938950984734754e-01
5.44554455445544816072e-01 2.42032646729630179783e-01 2.37603074164682931402e-01 2.37598139960917664748e-01
5.54455445544554725856e-01 2.34003017571342730729e-01 2.29575268738705207117e-01 2.29570385228310247516e-01
5.64356435643564635640e-01 2.26119503129238064165e-01 2.21695293420222927505e-01 2.21690463577563556807e-01
5.74257425742574545424e-01 2.18379982652941451171e-01 2.13960996219108745553e-01 2.13956222968282566699e-01
5.84158415841584455208e-01 2.10782391856609574443e-01 2.06370283416482197536e-01 2.06365569634431422763e-01
5.94059405940594364992e-01 2.03324722109459538055e-01 1.98921118727222262512e-01 1.98916467246798900348e-01
6.03960396039604274776e-01 1.96005019648121919795e-01 1.91611522485453211750e-01 1.91606936098439734062e-01
6.13861386138614184560e-01 1.88821384810509029784e-01 1.84439570852678313972e-01 1.84435052312765357385e-01
6.23762376237624094344e-01 1.81771971290898587403e-01 1.77403395048244538756e-01 1.77398947073967694354e-01
6.33663366336634004128e-01 1.74854985415939162552e-01 1.70501180601830060191e-01 1.70496805879467722145e-01
6.43564356435643913912e-01 1.68068685441294690674e-01 1.63731166627656327117e-01 1.63726867814090515374e-01
6.53465346534653823696e-01 1.61411380868652504228e-01 1.57091645120133655000e-01 1.57087424845675505125e-01
6.63366336633663733480e-01 1.54881431782825845778e-01 1.50580960270659064415e-01 1.50576821141840927476e-01
6.73267326732673643264e-01 1.48477248208692208520e-01 1.44197507805292723937e-01 1.44193452407628736056e-01
6.83168316831683553048e-01 1.42197289487714179090e-01 1.37939734343048514553e-01 1.37935765243765245947e-01
6.93069306930693462832e-01 1.36040063673799116462e-01 1.31806136774541504675e-01 1.31802256525280769850e-01
7.02970297029703372615e-01 1.30004126948260606556e-01 1.25795261660744311927e-01 1.25791472800239528818e-01
7.12871287128713282399e-01 1.24088083053651987431e-01 1.19905704651611405565e-01 1.19902009708339502003e-01
7.22772277227723192183e-01 1.18290582746250358404e-01 1.14136109924339160249e-01 1.14132511419149582088e-01
7.32673267326733101967e-01 1.12610323266975606571e-01 1.08485169641036660604e-01 1.08481670089759299480e-01
7.42574257425743011751e-01 1.07046047830538212930e-01 1.02951623425590582661e-01 1.02948225341624302609e-01
7.52475247524752921535e-01 1.01596545132614457518e-01 9.75342578595147502440e-02 9.75309637563980535990e-02
7.62376237623762831319e-01 9.62606488748560251700e-02 9.22319059965827081626e-02 9.22287183905483587409e-02
7.72277227722772741103e-01 9.10372373075479940363e-02 8.70434468960493007428e-02 8.70403683085643337103e-02
7.82178217821782650887e-01 8.59252327897359058362e-02 8.19678051742743080110e-02 8.19648381345673554543e-02
7.92079207920792560671e-01 8.09236013666489312213e-02 7.70039505745690189276e-02 7.70010976221462556390e-02
8.01980198019802470455e-01 7.60313523642539984548e-02 7.21508975550935460763e-02 7.21481612422451012989e-02
8.11881188118812380239e-01 7.12475380007815128902e-02 6.74077048946401247154e-02 6.74050877889383892594e-02
8.21782178217822290023e-01 6.65712530150705805720e-02 6.27734753161445502290e-02 6.27709800029361691953e-02
8.31683168316832199807e-01 6.20016343115876514269e-02 5.82473551277754228450e-02 5.82449842126683062227e-02
8.41584158415842109591e-01 5.75378606219801511101e-02 5.38285338814574118582e-02 5.38262899928045254749e-02
8.51485148514852019375e-01 5.31791521830310837116e-02 4.95162440486919888660e-02 4.95141298400734522489e-02
8.61386138613861929159e-01 4.89247704308899064585e-02 4.53097607135460461736e-02 4.53077788662510291817e-02
8.71287128712871838943e-01 4.47740177114584469997e-02 4.12084012826855194955e-02 4.12065545081956238760e-02
8.81188118811881748726e-01 4.07262370068187593009e-02 3.72115252123380660376e-02 3.72098162548136490724e-02
8.91089108910891658510e-01 3.67808116775959828559e-02 3.33185337520755450735e-02 3.33169653908465812631e-02
9.00990099009901568294e-01 3.29371652211550638989e-02 2.95288697053138621262e-02 2.95274447573768729358e-02
9.10891089108911478078e-01 2.91947610455355645309e-02 2.58420172064342985874e-02 2.58407385289569462017e-02
9.20792079207921387862e-01 2.55531022590376154235e-02 2.22575015144373077047e-02 2.22563720072721620002e-02
9.30693069306931297646e-01 2.20117314753749994394e-02 1.87748888230460896087e-02 1.87739114312551469421e-02
9.40594059405941207430e-01 1.85702306343196489602e-02 1.53937860871840911242e-02 1.53929638035755749631e-02
9.50495049504951117214e-01 1.52282208377672919480e-02 1.21138408657569685706e-02 1.21131767334360183203e-02
9.60396039603961026998e-01 1.19853622011594877772e-02 8.93474118067614717087e-03 8.93423829561091308038e-03
9.70297029702970936782e-01 8.84135372020444613994e-03 5.85621539206759855745e-03 5.85587690567231349686e-03
9.80198019801980846566e-01 5.79593315284391251418e-03 2.87803208961587590406e-03 2.87786121135250342815e-03
