Wczytano macierz A
1 -20 30 -4 
2 -40 -6 50 
9 -180 11 -12 
-16 15 -140 13 

Wczytano wektor b
35 104 -366 -354 

Dekompozycja LU:

Iteracja I: 0
Macierz U: 
-16 15 -140 13 
0 -38.125 -23.5 51.625 
0 -171.563 -67.75 -4.6875 
0 -19.0625 21.25 -3.1875 

Macierz L: 
0 0 0 0 
-0.125 0 0 0 
-0.5625 0 0 0 
-0.0625 0 0 0 

Iteracja I: 1
Macierz U: 
-16 15 -140 13 
0 -171.563 -67.75 -4.6875 
0 0 -8.44444 52.6667 
0 0 28.7778 -2.66667 

Macierz L: 
0 0 0 0 
-0.5625 0 0 0 
-0.125 0.222222 0 0 
-0.0625 0.111111 0 0 

Iteracja I: 2
Macierz U: 
-16 15 -140 13 
0 -171.563 -67.75 -4.6875 
0 0 28.7778 -2.66667 
0 0 0 51.8842 

Macierz L: 
0 0 0 0 
-0.5625 0 0 0 
-0.0625 0.111111 0 0 
-0.125 0.222222 -0.293436 0 

Iteracja I: 3
Macierz U: 
-16 15 -140 13 
0 -171.563 -67.75 -4.6875 
0 0 28.7778 -2.66667 
0 0 0 51.8842 

Macierz L: 
0 0 0 0 
-0.5625 0 0 0 
-0.0625 0.111111 0 0 
-0.125 0.222222 -0.293436 1 

Liczenie ukladu rownan: 

Wektor y: 
Iteracja I:1
-354 -565.125 0 0 

Iteracja I:2
-354 -565.125 12.875 0 

Iteracja I:2
-354 -565.125 75.6667 0 

Iteracja I:3
-354 -565.125 75.6667 59.75 

Iteracja I:3
-354 -565.125 75.6667 185.333 

Iteracja I:3
-354 -565.125 75.6667 207.537 

Wektor x: 
Iteracja I:2
0 0 86.3333 4 

Iteracja I:1
0 -361.875 3 4 

Iteracja I:1
0 -343.125 3 4 

Iteracja I:0
-384 2 3 4 

Iteracja I:0
36 2 3 4 

Iteracja I:0
-16 2 3 4 

Wyniki koncowe: 
Macierz A:
1 -20 30 -4 
2 -40 -6 50 
9 -180 11 -12 
-16 15 -140 13 

Wektror b:
-354 -366 35 104 

Macierz U:
-16 15 -140 13 
0 -171.563 -67.75 -4.6875 
0 0 28.7778 -2.66667 
0 0 0 51.8842 

Macierz L:
0 0 0 0 
-0.5625 0 0 0 
-0.0625 0.111111 0 0 
-0.125 0.222222 -0.293436 1 

Wektror y:
-354 -565.125 75.6667 207.537 

Wektror x: 
1 2 3 4 

