-1.00000000000000000000e+00 9.09090909090909116141e-02 9.09090909090909116141e-02 1.47147864583862808541e-01
-9.86666666666666691832e-01 9.77880603973259737716e-02 4.58113564656159877320e-02 1.20451887774758348293e-01
-9.73333333333333383663e-01 1.05230490800962778186e-01 3.22376359714117988187e-02 1.10389332162389164349e-01
-9.60000000000000075495e-01 1.13281356638537819559e-01 3.83256477635734449372e-02 1.10784414055045757341e-01
-9.46666666666666767327e-01 1.21988204328442498281e-01 5.57540662474434595142e-02 1.17443119141507873460e-01
-9.33333333333333459159e-01 1.31400998673545599260e-01 7.88748971335290205431e-02 1.27624364644867149821e-01
-9.20000000000000150990e-01 1.41571872230999040720e-01 1.04029080146815999797e-01 1.39632849035748490829e-01
-9.06666666666666842822e-01 1.52554755760168830880e-01 1.29010540470127138546e-01 1.52508708925729402628e-01
-8.93333333333333534654e-01 1.64404865650902731744e-01 1.52649979705148847176e-01 1.65793651280382869917e-01
-8.80000000000000226485e-01 1.77178022522488071155e-01 1.74494793591806890420e-01 1.79357041829114993714e-01
-8.66666666666666918317e-01 1.90929774467988200293e-01 1.94565767653237436940e-01 1.93268611294163339398e-01
-8.53333333333333610149e-01 2.05714299233724029481e-01 2.13174756100464407593e-01 2.07707080472727345644e-01
-8.40000000000000301981e-01 2.21583062620330090153e-01 2.30790500648088509061e-01 2.22896183327845942568e-01
-8.26666666666666993812e-01 2.38583216316894664022e-01 2.47942187145273079674e-01 2.39061353913667590243e-01
-8.13333333333333685644e-01 2.56755728026591134583e-01 2.65152349356841121608e-01 2.56401799075966996266e-01
-8.00000000000000377476e-01 2.76133250861535173293e-01 2.82892379971911689385e-01 2.75073857147577482962e-01
-7.86666666666667069308e-01 2.96737758145935892617e-01 3.01555258301824058442e-01 2.95182489287775406961e-01
-7.73333333333333761139e-01 3.18577994167160261085e-01 3.21441202857774221968e-01 3.16778503872203187619e-01
-7.60000000000000452971e-01 3.41646820641552051434e-01 3.42752848210107430305e-01 3.39859709202801840711e-01
-7.46666666666667144803e-01 3.65918571433808959004e-01 3.65597265756289369065e-01 3.64374654754933025025e-01
-7.33333333333333836634e-01 3.91346561999515618613e-01 3.89992728044469161297e-01 3.90227980369588278720e-01
-7.20000000000000528466e-01 4.17860931483296171862e-01 4.15878581913924572078e-01 4.17286667132741206920e-01
-7.06666666666667220298e-01 4.45367019586620005445e-01 4.43126968425626044379e-01 4.45386690191578893394e-01
-6.93333333333333912130e-01 4.73744491561600644669e-01 4.71555425180960385845e-01 4.74339726984595366766e-01
-6.80000000000000603961e-01 5.02847417187204825950e-01 5.00939643831123992967e-01 5.03939686058505920130e-01
-6.66666666666667295793e-01 5.32505478451423042152e-01 5.31025844357896237291e-01 5.33968901623482650187e-01
-6.53333333333333987625e-01 5.62526423223383309491e-01 5.61542377797781044890e-01 5.64203894965605967649e-01
-6.40000000000000679456e-01 5.92699799303387342420e-01 5.92210288336054602176e-01 5.94420642265472198851e-01
-6.26666666666667371288e-01 6.22801900211591430434e-01 6.22752660394277679501e-01 6.24399314082720202634e-01
-6.13333333333334063120e-01 6.52601740914652395098e-01 6.52902651457857197137e-01 6.53928468670241125338e-01
-6.00000000000000754952e-01 6.81867772201613098204e-01 6.82410170864094944854e-01 6.82808692346902224024e-01
-5.86666666666667446783e-01 7.10374952236805468075e-01 7.11047211664424860800e-01 7.10855687487796261692e-01
-5.73333333333334138615e-01 7.37911737557738534043e-01 7.38611879371321222720e-01 7.37902813936625268099e-01
-5.60000000000000830447e-01 7.64286543984703081733e-01 7.64931189744878392567e-01 7.63803093820390910373e-01
-5.46666666666667522279e-01 7.89333264514262444855e-01 7.89862729191045831456e-01 7.88430693579149188821e-01
-5.33333333333334214110e-01 8.12915512453016630978e-01 8.13295286937513739467e-01 8.11681900903851616391e-01
-5.20000000000000905942e-01 8.34929372744583231380e-01 8.35148578789486450979e-01 8.33475618370344562003e-01
-5.06666666666667597774e-01 8.55304576521168202774e-01 8.55372188636658981054e-01 8.53753399896498343935e-01
-4.93333333333334289605e-01 8.74004145411434563151e-01 8.73943856551624875806e-01 8.72479060635257708256e-01
-4.80000000000000981437e-01 8.91022666695108322976e-01 8.90867241771242879267e-01 8.89637895387549670900e-01
-4.66666666666667673269e-01 9.06383446001726489349e-01 9.06169285513552469347e-01 9.05235544908345124426e-01
-4.53333333333334365101e-01 9.20134834755003683249e-01 9.19897292846720837645e-01 9.19296553345313349759e-01
-4.40000000000001056932e-01 9.32346044767655701691e-01 9.32115845066134984798e-01 9.31862663361314846888e-01
-4.26666666666667748764e-01 9.43102746969520344678e-01 9.42903644612372193734e-01 9.42990898029189450469e-01
-4.13333333333334440596e-01 9.52502712983808730307e-01 9.52350383830199209712e-01 9.52751480268067107993e-01
-4.00000000000001132427e-01 9.60651706117429338150e-01 9.60553717174160159864e-01 9.61225641291068133576e-01
-3.86666666666667824259e-01 9.67659770818130260395e-01 9.67616404148692876852e-01 9.68503369225594212821e-01
-3.73333333333334516091e-01 9.73638013735678931049e-01 9.73643677657425321570e-01 9.74681147726649377283e-01
-3.60000000000001207923e-01 9.78695920088363369160e-01 9.78740879838817967595e-01 9.79859732072624778354e-01
-3.46666666666667899754e-01 9.82939208847999901231e-01 9.83011395174209545722e-01 9.84142006962430926365e-01
-3.33333333333334591586e-01 9.86468200270635753313e-01 9.86554898934441037994e-01 9.87630966129674603415e-01
-3.20000000000001283418e-01 9.89376649121492590666e-01 9.89465928116951332072e-01 9.90427849060080189858e-01
-3.06666666666667975250e-01 9.91750985321841360687e-01 9.91832772116554073349e-01 9.92630464691110936393e-01
-2.93333333333334667081e-01 9.93669899012133095439e-01 9.93736671632248880215e-01 9.94331726126350790018e-01
-2.80000000000001358913e-01 9.95204207419445596727e-01 9.95251306861702489392e-01 9.95618414277915197985e-01
-2.66666666666668050745e-01 9.96416944806866156092e-01 9.96442549955522283156e-01 9.96570182110289248811e-01
-2.53333333333334742576e-01 9.97363622786348047455e-01 9.97368452034856356470e-01 9.97258804957880773401e-01
-2.40000000000001406653e-01 9.98092615308908470695e-01 9.98079431817386564241e-01 9.97747676368791136525e-01
-2.26666666666668070729e-01 9.98645629911347199048e-01 9.98618631009240975693e-01 9.98091543230638755801e-01
-2.13333333333334734805e-01 9.99058233757851410495e-01 9.99022401028796247502e-01 9.98336468674722810057e-01
-2.00000000000001398881e-01 9.99360409338023725212e-01 9.99320886226202742542e-01 9.98520006541002147493e-01
-1.86666666666668062957e-01 9.99577120199879542994e-01 9.99538670415644703304e-01 9.98671567099679635682e-01
-1.73333333333334727033e-01 9.99728871751807468549e-01 9.99695456089803702326e-01 9.98812950330409510258e-01
-1.60000000000001391109e-01 9.99832255982776141323e-01 9.99806748964787384004e-01 9.98959020400864261546e-01
-1.46666666666668055186e-01 9.99900471993833361850e-01 9.99884524325454049354e-01 9.99118493084874326193e-01
-1.33333333333334719262e-01 9.99943816599824564229e-01 9.99937855817077170251e-01 9.99294806720234185526e-01
-1.20000000000001383338e-01 9.99970141051583549796e-01 9.99973491672554448684e-01 9.99487046912116205988e-01
-1.06666666666668047414e-01 9.99985271248160279001e-01 9.99996367694440557727e-01 9.99690895505889187689e-01
-9.33333333333347114902e-02 9.99993389751459682557e-01 1.00001005046006730126e+00 9.99899575338522361712e-01
-8.00000000000013755663e-02 9.99997378566871986116e-01 1.00001710803530396987e+00 1.00010476386677282790e+00
-6.66666666666680396425e-02 9.99999122085818648031e-01 1.00001940883904527624e+00 1.00029745089579824580e+00
-5.33333333333347037186e-02 9.99999769859915788039e-01 1.00001835209289580142e+00 1.00046871821290395133e+00
-4.00000000000013677948e-02 9.99999959040001606958e-01 1.00001503544308922855e+00 1.00061042188544857545e+00
-2.66666666666680318709e-02 9.99999996404060453870e-01 1.00001036680951882474e+00 1.00071576122282568377e+00
-1.33333333333346976818e-02 9.99999999943813389081e-01 1.00000512828559084966e+00 1.00077972184312447013e+00
-1.36349265211777037621e-15 1.00000000000000000000e+00 9.99999999999999333866e-01 1.00079938384079691893e+00
1.33333333333319706965e-02 9.99999999943813389081e-01 9.99995551304971752593e-01 1.00077408964202385633e+00
2.66666666666653048856e-02 9.99999996404060453870e-01 9.99992205551361479365e-01 1.00070546968429763268e+00
3.99999999999986408095e-02 9.99999959040001606958e-01 9.99990183151097555836e-01 1.00059732749836904908e+00
5.33333333333319767333e-02 9.99999769859915788039e-01 9.99989425735801185091e-01 1.00045538904510378231e+00
6.66666666666653057183e-02 9.99999122085818648031e-01 9.99989502138236563411e-01 1.00028692421674314517e+00
7.99999999999986416421e-02 9.99997378566871986116e-01 9.99989494804547018880e-01 1.00010025121135814885e+00
9.33333333333319775660e-02 9.99993389751459682557e-01 9.99987863249702235713e-01 9.99904137000297010829e-01
1.06666666666665313490e-01 9.99985271248160279001e-01 9.99982279457077738449e-01 9.99707109309937114183e-01
1.19999999999998649414e-01 9.99970141051583549796e-01 9.99969428848995645076e-01 9.99516697418871613579e-01
1.33333333333331971460e-01 9.99943816599824564229e-01 9.99944769759862683856e-01 9.99338620625502938033e-01
1.46666666666665307384e-01 9.99900471993833361850e-01 9.99902244347580126949e-01 9.99175944471095145438e-01
1.59999999999998643307e-01 9.99832255982776141323e-01 9.99833934678133862128e-01 9.99028225717748075141e-01
1.73333333333331979231e-01 9.99728871751807468549e-01 9.99729659374435364327e-01 9.98890667690755962305e-01
1.86666666666665315155e-01 9.99577120199879542994e-01 9.99576508759943305193e-01 9.98753307914164611958e-01
1.99999999999998651079e-01 9.99360409338023725212e-01 9.99358319833052788361e-01 9.98600260010919837939e-01
2.13333333333331987003e-01 9.99058233757851410495e-01 9.99055096618320592761e-01 9.98409031617268571956e-01
2.26666666666665322927e-01 9.98645629911347199048e-01 9.98642386345525268077e-01 9.98149939584497714051e-01
2.39999999999998658851e-01 9.98092615308908470695e-01 9.98090627350051606825e-01 9.97785643014503342840e-01
2.53333333333331967019e-01 9.97363622786348047455e-01 9.97364490362938282964e-01 9.97270813698265090608e-01
2.66666666666665275187e-01 9.96416944806866378137e-01 9.96422240716718810027e-01 9.96551962290393333888e-01
2.79999999999998583355e-01 9.95204207419445818772e-01 9.95215154643970367765e-01 9.95567437043823777465e-01
2.93333333333331891524e-01 9.93669899012133539529e-01 9.93687027966335234552e-01 9.94247610124370018170e-01
3.06666666666665199692e-01 9.91750985321841804776e-01 9.91773819713850257607e-01 9.92515264396335084029e-01
3.19999999999998507860e-01 9.89376649121493034755e-01 9.89403476215401367355e-01 9.90286191083123323864e-01
3.33333333333331816029e-01 9.86468200270636419447e-01 9.86495982596118370367e-01 9.87470005821986851480e-01
3.46666666666665124197e-01 9.82939208848000567365e-01 9.82963688055524031917e-01 9.83971187309018446854e-01
3.59999999999998432365e-01 9.78695920088364368361e-01 9.78711948457365310539e-01 9.79690338929803505863e-01
3.73333333333331740533e-01 9.73638013735679930249e-01 9.73640124365074632884e-01 9.74525669457866894341e-01
3.86666666666665048702e-01 9.67659770818131481640e-01 9.67642964493162449635e-01 9.68374684051285461450e-01
3.99999999999998356870e-01 9.60651706117431003484e-01 9.60612393495536176502e-01 9.61136071375409128947e-01
4.13333333333331665038e-01 9.52502712983810506664e-01 9.52439709055424410522e-01 9.52711766733266962603e-01
4.26666666666664973206e-01 9.43102746969522565124e-01 9.43018176493105375613e-01 9.43009164626423701527e-01
4.39999999999998281375e-01 9.32346044767658033159e-01 9.32245989819428078071e-01 9.31943447259845902941e-01
4.53333333333331589543e-01 9.20134834755006347784e-01 9.20029546756088389969e-01 9.19439988243287764647e-01
4.66666666666664897711e-01 9.06383446001729375929e-01 9.06286962316451116806e-01 9.05436783269859768453e-01
4.79999999999998205880e-01 8.91022666695111653645e-01 8.90951721878615487960e-01 8.89886852058478838856e-01
4.93333333333331514048e-01 8.74004145411438337909e-01 8.73976351269686424494e-01 8.72760548572007688328e-01
5.06666666666664822216e-01 8.55304576521172310599e-01 8.55335959393483724611e-01 8.54047709764132467747e-01
5.19999999999998130384e-01 8.34929372744587561250e-01 8.35031489739587740040e-01 8.33759567220458408521e-01
5.33333333333331438553e-01 8.12915512453021515960e-01 8.13092502240028380811e-01 8.11930341455850301813e-01
5.46666666666664746721e-01 7.89333264514267551881e-01 7.89579298067842216824e-01 7.88618435779000925834e-01
5.59999999999998054889e-01 7.64286543984708632848e-01 7.64584198863961783665e-01 7.63907146054382257816e-01
5.73333333333331363058e-01 7.37911737557744196181e-01 7.38231800342742050525e-01 7.37904804938798508651e-01
5.86666666666664671226e-01 7.10374952236811241235e-01 7.10678040022765467043e-01 7.10744284827918182401e-01
5.99999999999997979394e-01 6.81867772201619093408e-01 6.82107951579049021085e-01 6.82581793406252024248e-01
6.13333333333331287562e-01 6.52601740914658612347e-01 6.52732025368766399787e-01 6.53594909920223732236e-01
6.26666666666664595731e-01 6.22801900211597647683e-01 6.22781156979457017897e-01 6.23979829601847169052e-01
6.39999999999997903899e-01 5.92699799303393670691e-01 5.92500243517612878996e-01 5.93947808476573801961e-01
6.53333333333331212067e-01 5.62526423223389526740e-01 5.62140580295401259825e-01 5.63720831360088547868e-01
6.66666666666664520235e-01 5.32505478451429259401e-01 5.31951317026035930269e-01 5.33526562238907819946e-01
6.79999999999997828404e-01 5.02847417187210932177e-01 5.02170349611030353287e-01 5.03592678202545940280e-01
6.93333333333331136572e-01 4.73744491561606806407e-01 4.73015146423292787148e-01 4.74140735034127847047e-01
7.06666666666664444740e-01 4.45367019586625834116e-01 4.44674129777467674884e-01 4.45379763367506509297e-01
7.19999999999997752909e-01 4.17860931483301889511e-01 4.17299344581977371682e-01 4.17499847265618506675e-01
7.33333333333331061077e-01 3.91346561999521003195e-01 3.91001234358944849134e-01 3.90665989693184889653e-01
7.46666666666664369245e-01 3.65918571433814177052e-01 3.65846393523298618611e-01 3.65012618248836018253e-01
7.59999999999997677413e-01 3.41646820641556991927e-01 3.41859153219768563403e-01 3.40639125173631374111e-01
7.73333333333330985582e-01 3.18577994167164979533e-01 3.19027760080432043477e-01 3.17606862217067353882e-01
7.86666666666664293750e-01 2.96737758145940277998e-01 2.97315690895159134843e-01 2.95938015988561176073e-01
7.99999999999997601918e-01 2.76133250861539336629e-01 2.76678272200198582809e-01 2.75616763660594954466e-01
8.13333333333330910087e-01 2.56755728026595075875e-01 2.57084194917200692387e-01 2.56593040850178755186e-01
8.26666666666664218255e-01 2.38583216316898300002e-01 2.38540673786784146460e-01 2.38789129187381488073e-01
8.39999999999997526423e-01 2.21583062620333504089e-01 2.21119832181946029959e-01 2.22109073555084718388e-01
8.53333333333330834591e-01 2.05714299233727221372e-01 2.04982315539052550868e-01 2.06450647955377125653e-01
8.66666666666664142760e-01 1.90929774467991170139e-01 1.90392057999118680112e-01 1.91719180267734157219e-01
8.79999999999997450928e-01 1.77178022522490846713e-01 1.77713438215133134879e-01 1.77841991250824338344e-01
8.93333333333330759096e-01 1.64404865650905285257e-01 1.67378635539466857907e-01 1.64781468436220712714e-01
9.06666666666664067264e-01 1.52554755760171190104e-01 1.59808691171481304094e-01 1.52543841831737886361e-01
9.19999999999997375433e-01 1.41571872231001205655e-01 1.55266422620629396256e-01 1.41179509957865823022e-01
9.33333333333330683601e-01 1.31400998673547597662e-01 1.53612741792667595320e-01 1.30769228843915119587e-01
9.46666666666663991769e-01 1.21988204328444399538e-01 1.53929867576037271437e-01 1.21388562290712473390e-01
9.59999999999997299938e-01 1.13281356638539554282e-01 1.53965153243780017434e-01 1.13040629000569325946e-01
9.73333333333330608106e-01 1.05230490800964429643e-01 1.49337483753336219827e-01 1.05544291026339109862e-01
9.86666666666663916274e-01 9.77880603973274864504e-02 1.32434117623081937243e-01 9.83614171059047914802e-02
9.99999999999997224442e-01 9.09090909090923132707e-02 9.09090909090902454803e-02 9.03426200503414517096e-02
