-1.000000000000000e+00 -2.778384685516357e+00 -1.437668442726135e+00 -2.928977012634277e+00 -1.466635823249817e+00 -1.301392555236816e+00 -2.478630781173706e+00 -2.662879467010498e+00 -2.597794771194458e+00 -3.602948427200317e+00 
-1.146128058433533e+00 -3.070539474487305e+00 -1.587644696235657e+00 -3.221000909805298e+00 -1.608334660530090e+00 -1.447340369224548e+00 -2.770149469375610e+00 -2.944232463836670e+00 -2.898588895797729e+00 -4.038969993591309e+00 
-1.292255997657776e+00 -3.362707853317261e+00 -1.736576914787292e+00 -3.512407064437866e+00 -1.751380443572998e+00 -1.593389511108398e+00 -3.062036037445068e+00 -3.228777647018433e+00 -3.198104858398438e+00 -4.492540836334229e+00 
-1.438384056091309e+00 -3.654994964599609e+00 -1.884746074676514e+00 -3.806750297546387e+00 -1.895267128944397e+00 -1.739449620246887e+00 -3.354081869125366e+00 -3.515450000762939e+00 -3.492809057235718e+00 -4.881797313690186e+00 
-1.584512114524841e+00 -3.947340011596680e+00 -2.032428503036499e+00 -4.102176189422607e+00 -2.039892196655273e+00 -1.885552287101746e+00 -3.646309852600098e+00 -3.792231559753418e+00 -3.795290708541870e+00 -5.238964080810547e+00 
-1.730640172958374e+00 -4.239742755889893e+00 -2.179518222808838e+00 -4.386500835418701e+00 -2.184941053390503e+00 -2.031679630279541e+00 -3.938263416290283e+00 -4.084211826324463e+00 -4.092780590057373e+00 -5.783424854278564e+00 
-1.876768231391907e+00 -4.531872749328613e+00 -2.326493978500366e+00 -4.680651664733887e+00 -2.330353975296021e+00 -2.177687168121338e+00 -4.229962825775146e+00 -4.354315757751465e+00 -4.426069259643555e+00 -5.343742370605469e+00 
-2.022896289825439e+00 -4.823319435119629e+00 -2.473094463348389e+00 -4.908749580383301e+00 -2.476291418075562e+00 -2.323872804641724e+00 -4.524016380310059e+00 -4.595310211181641e+00 -4.892281532287598e+00 -7.359405517578125e+00 
-2.169024229049683e+00 -5.117509841918945e+00 -2.621056079864502e+00 -5.316235065460205e+00 -2.622801065444946e+00 -2.470229387283325e+00 -4.813100337982178e+00 -4.517149925231934e+00 -5.316235065460205e+00 -5.361063480377197e+00 
-2.315152406692505e+00 -5.405176162719727e+00 -2.767792463302612e+00 -5.882297039031982e+00 -2.768445014953613e+00 -2.615093708038330e+00 -5.110776424407959e+00 -4.632543087005615e+00 -5.127810001373291e+00 -4.908029079437256e+00 
-2.461280345916748e+00 -5.693241119384766e+00 -2.916561126708984e+00 -5.439390182495117e+00 -2.913962841033936e+00 -2.763428688049316e+00 -5.405176162719727e+00 -4.530114650726318e+00 -4.866785049438477e+00 -5.066677570343018e+00 
-2.607408285140991e+00 -5.994270801544189e+00 -3.070691823959351e+00 -5.149172782897949e+00 -3.063501596450806e+00 -2.909725904464722e+00 -5.693241119384766e+00 -4.256704330444336e+00 -4.535410881042480e+00 -4.919917583465576e+00 
-2.753536462783813e+00 -6.270477294921875e+00 -3.212346792221069e+00 -5.300440788269043e+00 -3.219496488571167e+00 -3.056188583374023e+00 -6.020599842071533e+00 -4.540772914886475e+00 -4.254373073577881e+00 -7.359405517578125e+00 
-2.899664402008057e+00 -6.525749683380127e+00 -3.393874645233154e+00 -4.656517982482910e+00 -3.348906517028809e+00 -3.211081266403198e+00 -6.321630001068115e+00 -4.031595230102539e+00 -4.597353935241699e+00 -4.626888751983643e+00 
-3.045792579650879e+00 -6.923689842224121e+00 -3.566517591476440e+00 -5.195336341857910e+00 -3.587430238723755e+00 -3.333788394927979e+00 -6.622659683227539e+00 -3.899204254150391e+00 -3.857550382614136e+00 -4.479384422302246e+00 
-3.191920518875122e+00 -6.923689842224121e+00 -3.588232040405273e+00 -4.138716220855713e+00 -3.947569370269775e+00 -3.555609941482544e+00 -6.923689842224121e+00 -4.580281257629395e+00 -3.674247026443481e+00 -4.033004283905029e+00 
-3.338048458099365e+00 -7.224720001220703e+00 -3.891877651214600e+00 -5.809746742248535e+00 -3.881508350372314e+00 -3.585568189620972e+00 -inf -3.881508350372314e+00 -4.198186397552490e+00 -4.187408924102783e+00 
-3.484176635742188e+00 -inf -3.891877651214600e+00 -4.426760196685791e+00 -4.271927356719971e+00 -3.740438938140869e+00 -6.923689842224121e+00 -4.271927356719971e+00 -3.891877651214600e+00 -7.359405517578125e+00 
-3.630304574966431e+00 -inf -4.715517520904541e+00 -4.715517520904541e+00 -4.715517520904541e+00 -7.359405517578125e+00 -6.923689842224121e+00 -3.628562927246094e+00 -3.562717914581299e+00 -3.594490051269531e+00 
-3.776432752609253e+00 -inf -4.714174747467041e+00 -4.714174747467041e+00 -4.714174747467041e+00 -7.359405517578125e+00 -inf -3.472440958023071e+00 -3.704629659652710e+00 -3.749423980712891e+00 
-3.922560691833496e+00 -inf -4.284203529357910e+00 -3.704629659652710e+00 -3.349948167800903e+00 -7.359405517578125e+00 -inf -3.520998716354370e+00 -3.024361848831177e+00 -7.359405517578125e+00 
-4.068688869476318e+00 -inf -3.819032192230225e+00 -3.704629659652710e+00 -3.262398004531860e+00 -7.359405517578125e+00 -inf -3.070661306381226e+00 -2.904947757720947e+00 -7.359405517578125e+00 
-4.214817047119141e+00 -inf -3.243717193603516e+00 -4.087049484252930e+00 -3.390553712844849e+00 -7.359405517578125e+00 -inf -2.810231208801270e+00 -3.047876596450806e+00 -7.359405517578125e+00 
-4.360944747924805e+00 -inf -3.425862073898315e+00 -3.509803533554077e+00 -3.002888441085815e+00 -7.359405517578125e+00 -inf -2.974983692169189e+00 -2.626761674880981e+00 -7.359405517578125e+00 
-4.507072925567627e+00 -inf -2.758564233779907e+00 -3.104771614074707e+00 -3.763822078704834e+00 -7.359405517578125e+00 -inf -2.436594009399414e+00 -2.946858644485474e+00 -7.359405517578125e+00 
-4.653201103210449e+00 -inf -3.010008573532104e+00 -3.439105272293091e+00 -2.768293142318726e+00 -7.359405517578125e+00 -inf -2.634837388992310e+00 -2.357824325561523e+00 -7.359405517578125e+00 
-4.799328804016113e+00 -inf -2.587280273437500e+00 -3.149318933486938e+00 -2.932375192642212e+00 -7.359405517578125e+00 -inf -2.197806835174561e+00 -2.516273498535156e+00 -7.359405517578125e+00 
-4.945456981658936e+00 -inf -2.587290287017822e+00 -4.377147197723389e+00 -2.573412895202637e+00 -7.359405517578125e+00 -inf -2.105490446090698e+00 -2.275808334350586e+00 -7.359405517578125e+00 
-5.091585159301758e+00 -inf -2.167997837066650e+00 -2.506941318511963e+00 -3.245854854583740e+00 -7.359405517578125e+00 -inf -1.849187970161438e+00 -2.371855735778809e+00 -7.359405517578125e+00 
-5.237713336944580e+00 -inf -2.414756298065186e+00 -2.884811639785767e+00 -2.190063476562500e+00 -7.359405517578125e+00 -inf -2.045760154724121e+00 -1.775744795799255e+00 -7.359405517578125e+00 
-5.383841037750244e+00 -inf -3.563285827636719e+00 -2.125754356384277e+00 -1.832726836204529e+00 -7.359405517578125e+00 -inf -2.158688545227051e+00 -1.535753130912781e+00 -7.359405517578125e+00 
-5.529969215393066e+00 -inf -1.700670599937439e+00 -2.007702112197876e+00 -3.563191175460815e+00 -7.359405517578125e+00 -inf -1.396670579910278e+00 -1.984178185462952e+00 -7.359405517578125e+00 
-5.676097393035889e+00 -inf -3.563191175460815e+00 -1.841333627700806e+00 -1.544443368911743e+00 -7.359405517578125e+00 -inf -1.858134508132935e+00 -1.245498061180115e+00 -7.359405517578125e+00 
-5.822225093841553e+00 -inf -2.269114017486572e+00 -1.841333627700806e+00 -1.465956330299377e+00 -7.359405517578125e+00 -inf -1.599072098731995e+00 -1.132037520408630e+00 -7.359405517578125e+00 
-5.968353271484375e+00 -inf -1.876220345497131e+00 -1.841333627700806e+00 -1.375532746315002e+00 -7.359405517578125e+00 -inf -1.387156128883362e+00 -1.010845303535461e+00 -7.359405517578125e+00 
-6.114481449127197e+00 -inf -1.162957668304443e+00 -1.524001479148865e+00 -2.052149057388306e+00 -7.359405517578125e+00 -inf -8.347688913345337e-01 -1.321850419044495e+00 -7.359405517578125e+00 
-6.260609149932861e+00 -inf -1.274112105369568e+00 -2.954553604125977e+00 -1.256350874900818e+00 -7.359405517578125e+00 -inf -7.909893989562988e-01 -9.596937298774719e-01 -7.359405517578125e+00 
-6.406737327575684e+00 -inf -1.274112105369568e+00 -1.641431570053101e+00 -1.004963040351868e+00 -7.359405517578125e+00 -inf -8.886451721191406e-01 -6.004570126533508e-01 -7.359405517578125e+00 
-6.552865505218506e+00 -inf -8.403319120407104e-01 -1.420319437980652e+00 -1.164616823196411e+00 -7.359405517578125e+00 -inf -6.005407571792603e-01 -5.507737398147583e-01 -7.359405517578125e+00 
-6.698993206024170e+00 -inf -7.281339764595032e-01 -1.420319437980652e+00 -9.545653462409973e-01 -7.359405517578125e+00 -inf -3.142137825489044e-01 -5.849462747573853e-01 -7.359405517578125e+00 
-6.845121383666992e+00 -inf -8.948212862014771e-01 -1.090312361717224e+00 -5.378236770629883e-01 -7.359405517578125e+00 -inf -2.638764977455139e-01 -3.023527860641479e-01 -7.359405517578125e+00 
-6.991249561309814e+00 -inf -3.361045718193054e-01 -7.717840075492859e-01 -9.102709889411926e-01 -7.359405517578125e+00 -inf 1.926720328629017e-02 -3.819221258163452e-01 -7.359405517578125e+00 
-7.137377738952637e+00 -inf -9.558032155036926e-01 -5.254965424537659e-01 -1.505150049924850e-01 -7.359405517578125e+00 -inf -2.843123376369476e-01 1.832487881183624e-01 -7.359405517578125e+00 
-7.283505439758301e+00 -inf -3.586843907833099e-01 -8.708475232124329e-01 -1.505150049924850e-01 -7.359405517578125e+00 -inf 4.456263501197100e-03 2.676535546779633e-01 -7.359405517578125e+00 
-7.429633617401123e+00 -inf -4.777972772717476e-02 -1.025229930877686e+00 -1.505150049924850e-01 -7.359405517578125e+00 -inf 2.297539710998535e-01 3.636181056499481e-01 -7.359405517578125e+00 
-7.575761795043945e+00 -inf -1.505150049924850e-01 -1.505150049924850e-01 -1.505150049924850e-01 -7.359405517578125e+00 -inf -3.820133805274963e-01 2.622504532337189e-01 -7.359405517578125e+00 
-7.721889495849609e+00 -inf -1.505150049924850e-01 -1.505150049924850e-01 -1.505150049924850e-01 -7.359405517578125e+00 -inf -6.360670179128647e-02 3.575487434864044e-01 -7.359405517578125e+00 
-7.868017673492432e+00 -inf -1.505150049924850e-01 -1.505150049924850e-01 -1.505150049924850e-01 -7.359405517578125e+00 -inf 1.738000065088272e-01 4.633435606956482e-01 -7.359405517578125e+00 
-8.014145851135254e+00 -inf -1.505150049924850e-01 -1.505150049924850e-01 -1.505150049924850e-01 -7.359405517578125e+00 -inf 3.750767409801483e-01 5.781813263893127e-01 -7.359405517578125e+00 
-8.160273551940918e+00 -inf -1.505150049924850e-01 -1.505150049924850e-01 -1.505150049924850e-01 -7.359405517578125e+00 -inf 5.567067265510559e-01 7.004930973052979e-01 -7.359405517578125e+00 
-8.306402206420898e+00 -inf -1.505150049924850e-01 -1.505150049924850e-01 -1.505150049924850e-01 -7.359405517578125e+00 -inf 7.265264391899109e-01 8.287726044654846e-01 -7.359405517578125e+00 
-8.452529907226563e+00 -inf -1.505150049924850e-01 -1.505150049924850e-01 -1.505150049924850e-01 -7.359405517578125e+00 -inf 8.888190984725952e-01 9.616870880126953e-01 -7.359405517578125e+00 
-8.598657608032227e+00 -inf -1.505150049924850e-01 -1.505150049924850e-01 -1.505150049924850e-01 -7.359405517578125e+00 -inf 1.046135783195496e+00 1.098124623298645e+00 -7.359405517578125e+00 
-8.744786262512207e+00 -inf -1.505150049924850e-01 -1.505150049924850e-01 -1.505150049924850e-01 -7.359405517578125e+00 -inf 1.200082778930664e+00 1.237195968627930e+00 -7.359405517578125e+00 
-8.890913963317871e+00 -inf -1.505150049924850e-01 -1.505150049924850e-01 -1.505150049924850e-01 -7.359405517578125e+00 -inf 1.351710796356201e+00 1.378212332725525e+00 -7.359405517578125e+00 
-9.037041664123535e+00 -inf -1.505150049924850e-01 -1.505150049924850e-01 -1.505150049924850e-01 -7.359405517578125e+00 -inf 1.501725196838379e+00 1.520651936531067e+00 -7.359405517578125e+00 
-9.183170318603516e+00 -inf -1.505150049924850e-01 -1.505150049924850e-01 -1.505150049924850e-01 -7.359405517578125e+00 -inf 1.650608062744141e+00 1.664126157760620e+00 -7.359405517578125e+00 
-9.329298019409180e+00 -inf -1.505150049924850e-01 -1.505150049924850e-01 -1.505150049924850e-01 -7.359405517578125e+00 -inf 1.798693180084229e+00 1.808348655700684e+00 -7.359405517578125e+00 
-9.475425720214844e+00 -inf -1.505150049924850e-01 -1.505150049924850e-01 -1.505150049924850e-01 -7.359405517578125e+00 -inf 1.946213841438293e+00 1.953110337257385e+00 -7.359405517578125e+00 
-9.621554374694824e+00 -inf -1.505150049924850e-01 -1.505150049924850e-01 -1.505150049924850e-01 -7.359405517578125e+00 -inf 2.093333721160889e+00 2.098259925842285e+00 -7.359405517578125e+00 
-9.767682075500488e+00 -inf -1.505150049924850e-01 -1.505150049924850e-01 -1.505150049924850e-01 -7.359405517578125e+00 -inf 2.240169048309326e+00 2.243687629699707e+00 -7.359405517578125e+00 
-9.913809776306152e+00 -inf -1.505150049924850e-01 -1.505150049924850e-01 -1.505150049924850e-01 -7.359405517578125e+00 -inf 2.386801481246948e+00 2.389314651489258e+00 -7.359405517578125e+00 
-1.005993843078613e+01 -inf -1.505150049924850e-01 -1.505150049924850e-01 -1.505150049924850e-01 -7.359405517578125e+00 -inf 2.533289432525635e+00 2.535084486007690e+00 -7.359405517578125e+00 
-1.020606613159180e+01 -inf -1.505150049924850e-01 -1.505150049924850e-01 -1.505150049924850e-01 -7.359405517578125e+00 -inf 2.679674386978149e+00 2.680956602096558e+00 -7.359405517578125e+00 
-1.035219383239746e+01 -inf -1.505150049924850e-01 -1.505150049924850e-01 -1.505150049924850e-01 -7.359405517578125e+00 -inf 2.825985670089722e+00 2.826901674270630e+00 -7.359405517578125e+00 
-1.049832248687744e+01 -inf -1.505150049924850e-01 -1.505150049924850e-01 -1.505150049924850e-01 -7.359405517578125e+00 -inf 2.972244739532471e+00 2.972898960113525e+00 -7.359405517578125e+00 
-1.064445018768311e+01 -inf -1.505150049924850e-01 -1.505150049924850e-01 -1.505150049924850e-01 -7.359405517578125e+00 -inf 3.118466377258301e+00 3.118933677673340e+00 -7.359405517578125e+00 
-1.079057788848877e+01 -inf -1.505150049924850e-01 -1.505150049924850e-01 -1.505150049924850e-01 -7.359405517578125e+00 -inf 3.264661073684692e+00 3.264994859695435e+00 -7.359405517578125e+00 
-1.093670654296875e+01 -inf -1.505150049924850e-01 -1.505150049924850e-01 -1.505150049924850e-01 -7.359405517578125e+00 -inf 3.410836696624756e+00 3.411075115203857e+00 -7.359405517578125e+00 
-1.108283424377441e+01 -inf -1.505150049924850e-01 -1.505150049924850e-01 -1.505150049924850e-01 -7.359405517578125e+00 -inf 3.556998968124390e+00 3.557169198989868e+00 -7.359405517578125e+00 
-1.122896289825439e+01 -inf -1.505150049924850e-01 -1.505150049924850e-01 -1.505150049924850e-01 -7.359405517578125e+00 -inf 3.703151226043701e+00 3.703272819519043e+00 -7.359405517578125e+00 
-1.137509059906006e+01 -inf -1.505150049924850e-01 -1.505150049924850e-01 -1.505150049924850e-01 -7.359405517578125e+00 -inf 3.849296808242798e+00 3.849383592605591e+00 -7.359405517578125e+00 
-1.152121829986572e+01 -inf -1.505150049924850e-01 -1.505150049924850e-01 -1.505150049924850e-01 -7.359405517578125e+00 -inf 3.995437145233154e+00 3.995499134063721e+00 -7.359405517578125e+00 
-1.166734695434570e+01 -inf -1.505150049924850e-01 -1.505150049924850e-01 -1.505150049924850e-01 -7.359405517578125e+00 -inf 4.141573905944824e+00 4.141618251800537e+00 -7.359405517578125e+00 
-1.181347465515137e+01 -inf -1.505150049924850e-01 -1.505150049924850e-01 -1.505150049924850e-01 -7.359405517578125e+00 -inf 4.287708282470703e+00 4.287740230560303e+00 -7.359405517578125e+00 
-1.195960235595703e+01 -inf -1.505150049924850e-01 -1.505150049924850e-01 -1.505150049924850e-01 -7.359405517578125e+00 -inf 4.433840751647949e+00 4.433863639831543e+00 -7.359405517578125e+00 
-1.210573101043701e+01 -inf -1.505150049924850e-01 -1.505150049924850e-01 -1.505150049924850e-01 -7.359405517578125e+00 -inf 4.579972267150879e+00 4.579988479614258e+00 -7.359405517578125e+00 
-1.225185871124268e+01 -inf -1.505150049924850e-01 -1.505150049924850e-01 -1.505150049924850e-01 -7.359405517578125e+00 -inf 4.726102352142334e+00 4.726114273071289e+00 -7.359405517578125e+00 
-1.239798641204834e+01 -inf -1.505150049924850e-01 -1.505150049924850e-01 -1.505150049924850e-01 -7.359405517578125e+00 -inf 4.872231960296631e+00 4.872240543365479e+00 -7.359405517578125e+00 
-1.254411506652832e+01 -inf -1.505150049924850e-01 -1.505150049924850e-01 -1.505150049924850e-01 -7.359405517578125e+00 -inf 5.018361568450928e+00 5.018367290496826e+00 -7.359405517578125e+00 
-1.269024276733398e+01 -inf -1.505150049924850e-01 -1.505150049924850e-01 -1.505150049924850e-01 -7.359405517578125e+00 -inf 5.164490222930908e+00 5.164494514465332e+00 -7.359405517578125e+00 
-1.283637046813965e+01 -inf -1.505150049924850e-01 -1.505150049924850e-01 -1.505150049924850e-01 -7.359405517578125e+00 -inf 5.310618877410889e+00 5.310621738433838e+00 -7.359405517578125e+00 
-1.298249912261963e+01 -inf -1.505150049924850e-01 -1.505150049924850e-01 -1.505150049924850e-01 -7.359405517578125e+00 -inf 5.456747531890869e+00 5.456749439239502e+00 -7.359405517578125e+00 
-1.312862682342529e+01 -inf -1.505150049924850e-01 -1.505150049924850e-01 -1.505150049924850e-01 -7.359405517578125e+00 -inf 5.602875709533691e+00 5.602877140045166e+00 -7.359405517578125e+00 
-1.327475452423096e+01 -inf -1.505150049924850e-01 -1.505150049924850e-01 -1.505150049924850e-01 -7.359405517578125e+00 -inf 5.749003887176514e+00 5.749004840850830e+00 -7.359405517578125e+00 
-1.342088317871094e+01 -inf -1.505150049924850e-01 -1.505150049924850e-01 -1.505150049924850e-01 -7.359405517578125e+00 -inf 5.895132064819336e+00 5.895133018493652e+00 -7.359405517578125e+00 
-1.356701087951660e+01 -inf -1.505150049924850e-01 -1.505150049924850e-01 -1.505150049924850e-01 -7.359405517578125e+00 -inf 6.041260242462158e+00 6.041260719299316e+00 -7.359405517578125e+00 
-1.371313858032227e+01 -inf -1.505150049924850e-01 -1.505150049924850e-01 -1.505150049924850e-01 -7.359405517578125e+00 -inf 6.187388420104980e+00 6.187388896942139e+00 -7.359405517578125e+00 
-1.385926723480225e+01 -inf -1.505150049924850e-01 -1.505150049924850e-01 -1.505150049924850e-01 -7.359405517578125e+00 -inf 6.333516597747803e+00 6.333516597747803e+00 -7.359405517578125e+00 
-1.400539493560791e+01 -inf -1.505150049924850e-01 -1.505150049924850e-01 -1.505150049924850e-01 -7.359405517578125e+00 -inf 6.479644775390625e+00 6.479644775390625e+00 -7.359405517578125e+00 
-1.415152263641357e+01 -inf -1.505150049924850e-01 -1.505150049924850e-01 -1.505150049924850e-01 -7.359405517578125e+00 -inf 6.625772476196289e+00 6.625772953033447e+00 -7.359405517578125e+00 
-1.429765129089355e+01 -inf -1.505150049924850e-01 -1.505150049924850e-01 -1.505150049924850e-01 -7.359405517578125e+00 -inf 6.771900653839111e+00 6.771900653839111e+00 -7.359405517578125e+00 
-1.444377899169922e+01 -inf -1.505150049924850e-01 -1.505150049924850e-01 -1.505150049924850e-01 -7.359405517578125e+00 -inf 6.918028831481934e+00 6.918028831481934e+00 -7.359405517578125e+00 
-1.458990764617920e+01 -inf -1.505150049924850e-01 -1.505150049924850e-01 -1.505150049924850e-01 -7.359405517578125e+00 -inf 7.064156532287598e+00 7.064157009124756e+00 -7.359405517578125e+00 
-1.473603534698486e+01 -inf -1.505150049924850e-01 -1.505150049924850e-01 -1.505150049924850e-01 -7.359405517578125e+00 -inf 7.210284709930420e+00 7.210284709930420e+00 -7.359405517578125e+00 
-1.488216304779053e+01 -inf -1.505150049924850e-01 -1.505150049924850e-01 -1.505150049924850e-01 -7.359405517578125e+00 -inf 7.356412887573242e+00 7.356412887573242e+00 -7.359405517578125e+00 
-1.502829170227051e+01 -inf -1.505150049924850e-01 -1.505150049924850e-01 -1.505150049924850e-01 -7.359405517578125e+00 -inf 7.502541065216064e+00 7.502541065216064e+00 -7.359405517578125e+00 
-1.517441940307617e+01 -inf -1.505150049924850e-01 -1.505150049924850e-01 -1.505150049924850e-01 -7.359405517578125e+00 -inf 7.648668766021729e+00 7.648668766021729e+00 -7.359405517578125e+00 
-1.532054710388184e+01 -inf -1.505150049924850e-01 -1.505150049924850e-01 -1.505150049924850e-01 -7.359405517578125e+00 -inf 7.794796943664551e+00 7.794796943664551e+00 -7.359405517578125e+00 
-1.546667575836182e+01 -inf -1.505150049924850e-01 -1.505150049924850e-01 -1.505150049924850e-01 -7.359405517578125e+00 -inf 7.940925121307373e+00 7.940925121307373e+00 -7.359405517578125e+00 
-1.561280345916748e+01 -inf -1.505150049924850e-01 -1.505150049924850e-01 -1.505150049924850e-01 -7.359405517578125e+00 -inf 8.087053298950195e+00 8.087053298950195e+00 -7.359405517578125e+00 
-1.575893115997314e+01 -inf -1.505150049924850e-01 -1.505150049924850e-01 -1.505150049924850e-01 -7.359405517578125e+00 -inf 8.233180999755859e+00 8.233180999755859e+00 -7.359405517578125e+00 
-1.590505981445313e+01 -inf -1.505150049924850e-01 -1.505150049924850e-01 -1.505150049924850e-01 -7.359405517578125e+00 -inf 8.379308700561523e+00 8.379308700561523e+00 -7.359405517578125e+00 
-1.605118751525879e+01 -inf -1.505150049924850e-01 -1.505150049924850e-01 -1.505150049924850e-01 -7.359405517578125e+00 -inf 8.525437355041504e+00 8.525437355041504e+00 -7.359405517578125e+00 
-1.619731521606445e+01 -inf -1.505150049924850e-01 -1.505150049924850e-01 -1.505150049924850e-01 -7.359405517578125e+00 -inf 8.671565055847168e+00 8.671565055847168e+00 -7.359405517578125e+00 
-1.634344291687012e+01 -inf -1.505150049924850e-01 -1.505150049924850e-01 -1.505150049924850e-01 -7.359405517578125e+00 -inf 8.817692756652832e+00 8.817692756652832e+00 -7.359405517578125e+00 
-1.648957252502441e+01 -inf -1.505150049924850e-01 -1.505150049924850e-01 -1.505150049924850e-01 -7.359405517578125e+00 -inf 8.963821411132813e+00 8.963821411132813e+00 -7.359405517578125e+00 
-1.663570022583008e+01 -inf -1.505150049924850e-01 -1.505150049924850e-01 -1.505150049924850e-01 -7.359405517578125e+00 -inf 9.109949111938477e+00 9.109949111938477e+00 -7.359405517578125e+00 
-1.678182792663574e+01 -inf -1.505150049924850e-01 -1.505150049924850e-01 -1.505150049924850e-01 -7.359405517578125e+00 -inf 9.256076812744141e+00 9.256076812744141e+00 -7.359405517578125e+00 
-1.692795562744141e+01 -inf -1.505150049924850e-01 -1.505150049924850e-01 -1.505150049924850e-01 -7.359405517578125e+00 -inf 9.402205467224121e+00 9.402205467224121e+00 -7.359405517578125e+00 
-1.707408332824707e+01 -inf -1.505150049924850e-01 -1.505150049924850e-01 -1.505150049924850e-01 -7.359405517578125e+00 -inf 9.548333168029785e+00 9.548333168029785e+00 -7.359405517578125e+00 
-1.722021102905273e+01 -inf -1.505150049924850e-01 -1.505150049924850e-01 -1.505150049924850e-01 -7.359405517578125e+00 -inf 9.694461822509766e+00 9.694461822509766e+00 -7.359405517578125e+00 
-1.736634063720703e+01 -inf -1.505150049924850e-01 -1.505150049924850e-01 -1.505150049924850e-01 -7.359405517578125e+00 -inf 9.840589523315430e+00 9.840589523315430e+00 -7.359405517578125e+00 
-1.751246833801270e+01 -inf -1.505150049924850e-01 -1.505150049924850e-01 -1.505150049924850e-01 -7.359405517578125e+00 -inf 9.986717224121094e+00 9.986717224121094e+00 -7.359405517578125e+00 
-1.765859603881836e+01 -inf -1.505150049924850e-01 -1.505150049924850e-01 -1.505150049924850e-01 -7.359405517578125e+00 -inf 1.013284587860107e+01 1.013284587860107e+01 -7.359405517578125e+00 
-1.780472373962402e+01 -inf -1.505150049924850e-01 -1.505150049924850e-01 -1.505150049924850e-01 -7.359405517578125e+00 -inf 1.027897357940674e+01 1.027897357940674e+01 -7.359405517578125e+00 
-1.795085144042969e+01 -inf -1.505150049924850e-01 -1.505150049924850e-01 -1.505150049924850e-01 -7.359405517578125e+00 -inf 1.042510128021240e+01 1.042510128021240e+01 -7.359405517578125e+00 
-1.809697914123535e+01 -inf -1.505150049924850e-01 -1.505150049924850e-01 -1.505150049924850e-01 -7.359405517578125e+00 -inf 1.057122993469238e+01 1.057122993469238e+01 -7.359405517578125e+00 
-1.824310874938965e+01 -inf -1.505150049924850e-01 -1.505150049924850e-01 -1.505150049924850e-01 -7.359405517578125e+00 -inf 1.071735763549805e+01 1.071735763549805e+01 -7.359405517578125e+00 
-1.838923645019531e+01 -inf -1.505150049924850e-01 -1.505150049924850e-01 -1.505150049924850e-01 -7.359405517578125e+00 -inf 1.086348533630371e+01 1.086348533630371e+01 -7.359405517578125e+00 
-1.853536415100098e+01 -inf -1.505150049924850e-01 -1.505150049924850e-01 -1.505150049924850e-01 -7.359405517578125e+00 -inf 1.100961399078369e+01 1.100961399078369e+01 -7.359405517578125e+00 
-1.868149185180664e+01 -inf -1.505150049924850e-01 -1.505150049924850e-01 -1.505150049924850e-01 -7.359405517578125e+00 -inf 1.115574169158936e+01 1.115574169158936e+01 -7.359405517578125e+00 
-1.882761955261230e+01 -inf -1.505150049924850e-01 -1.505150049924850e-01 -1.505150049924850e-01 -7.359405517578125e+00 -inf 1.130186939239502e+01 1.130186939239502e+01 -7.359405517578125e+00 
-1.897374916076660e+01 -inf -1.505150049924850e-01 -1.505150049924850e-01 -1.505150049924850e-01 -7.359405517578125e+00 -inf 1.144799804687500e+01 1.144799804687500e+01 -7.359405517578125e+00 
-1.911987686157227e+01 -inf -1.505150049924850e-01 -1.505150049924850e-01 -1.505150049924850e-01 -7.359405517578125e+00 -inf 1.159412574768066e+01 1.159412574768066e+01 -7.359405517578125e+00 
-1.926600456237793e+01 -inf -1.505150049924850e-01 -1.505150049924850e-01 -1.505150049924850e-01 -7.359405517578125e+00 -inf 1.174025344848633e+01 1.174025344848633e+01 -7.359405517578125e+00 
-1.941213226318359e+01 -inf -1.505150049924850e-01 -1.505150049924850e-01 -1.505150049924850e-01 -7.359405517578125e+00 -inf 1.188638210296631e+01 1.188638210296631e+01 -7.359405517578125e+00 
-1.955825996398926e+01 -inf -1.505150049924850e-01 -1.505150049924850e-01 -1.505150049924850e-01 -7.359405517578125e+00 -inf 1.203250980377197e+01 1.203250980377197e+01 -7.359405517578125e+00 
-1.970438766479492e+01 -inf -1.505150049924850e-01 -1.505150049924850e-01 -1.505150049924850e-01 -7.359405517578125e+00 -inf 1.217863750457764e+01 1.217863750457764e+01 -7.359405517578125e+00 
-1.985051727294922e+01 -inf -1.505150049924850e-01 -1.505150049924850e-01 -1.505150049924850e-01 -7.359405517578125e+00 -inf 1.232476615905762e+01 1.232476615905762e+01 -7.359405517578125e+00 
-1.999664497375488e+01 -inf -1.505150049924850e-01 -1.505150049924850e-01 -1.505150049924850e-01 -7.359405517578125e+00 -inf 1.247089385986328e+01 1.247089385986328e+01 -7.359405517578125e+00 
-2.014277267456055e+01 -inf -1.505150049924850e-01 -1.505150049924850e-01 -1.505150049924850e-01 -7.359405517578125e+00 -inf 1.261702156066895e+01 1.261702156066895e+01 -7.359405517578125e+00 
-2.028890037536621e+01 -inf -1.505150049924850e-01 -1.505150049924850e-01 -1.505150049924850e-01 -7.359405517578125e+00 -inf 1.276315021514893e+01 1.276315021514893e+01 -7.359405517578125e+00 
-2.043502807617188e+01 -inf -1.505150049924850e-01 -1.505150049924850e-01 -1.505150049924850e-01 -7.359405517578125e+00 -inf 1.290927791595459e+01 1.290927791595459e+01 -7.359405517578125e+00 
-2.058115577697754e+01 -inf -1.505150049924850e-01 -1.505150049924850e-01 -1.505150049924850e-01 -7.359405517578125e+00 -inf 1.305540561676025e+01 1.305540561676025e+01 -7.359405517578125e+00 
-2.072728538513184e+01 -inf -1.505150049924850e-01 -1.505150049924850e-01 -1.505150049924850e-01 -7.359405517578125e+00 -inf 1.320153427124023e+01 1.320153427124023e+01 -7.359405517578125e+00 
-2.087341308593750e+01 -inf -1.505150049924850e-01 -1.505150049924850e-01 -1.505150049924850e-01 -7.359405517578125e+00 -inf 1.334766197204590e+01 1.334766197204590e+01 -7.359405517578125e+00 
-2.101954078674316e+01 -inf -1.505150049924850e-01 -1.505150049924850e-01 -1.505150049924850e-01 -7.359405517578125e+00 -inf 1.349378967285156e+01 1.349378967285156e+01 -7.359405517578125e+00 
-2.116566848754883e+01 -inf -1.505150049924850e-01 -1.505150049924850e-01 -1.505150049924850e-01 -7.359405517578125e+00 -inf 1.363991832733154e+01 1.363991832733154e+01 -7.359405517578125e+00 
-2.131179618835449e+01 -inf -1.505150049924850e-01 -1.505150049924850e-01 -1.505150049924850e-01 -7.359405517578125e+00 -inf 1.378604602813721e+01 1.378604602813721e+01 -7.359405517578125e+00 
-2.145792388916016e+01 -inf -1.505150049924850e-01 -1.505150049924850e-01 -1.505150049924850e-01 -7.359405517578125e+00 -inf 1.393217372894287e+01 1.393217372894287e+01 -7.359405517578125e+00 
-2.160405349731445e+01 -inf -1.505150049924850e-01 -1.505150049924850e-01 -1.505150049924850e-01 -7.359405517578125e+00 -inf 1.407830238342285e+01 1.407830238342285e+01 -7.359405517578125e+00 
-2.175018119812012e+01 -inf -1.505150049924850e-01 -1.505150049924850e-01 -1.505150049924850e-01 -7.359405517578125e+00 -inf 1.422443008422852e+01 1.422443008422852e+01 -7.359405517578125e+00 
-2.189630889892578e+01 -inf -1.505150049924850e-01 -1.505150049924850e-01 -1.505150049924850e-01 -7.359405517578125e+00 -inf 1.437055778503418e+01 1.437055778503418e+01 -7.359405517578125e+00 
-2.204243659973145e+01 -inf -1.505150049924850e-01 -1.505150049924850e-01 -1.505150049924850e-01 -7.359405517578125e+00 -inf 1.451668643951416e+01 1.451668643951416e+01 -7.359405517578125e+00 
-2.218856430053711e+01 -inf -1.505150049924850e-01 -1.505150049924850e-01 -1.505150049924850e-01 -7.359405517578125e+00 -inf 1.466281414031982e+01 1.466281414031982e+01 -7.359405517578125e+00 
-2.233469390869141e+01 -inf -1.505150049924850e-01 -1.505150049924850e-01 -1.505150049924850e-01 -7.359405517578125e+00 -inf 1.480894279479980e+01 1.480894279479980e+01 -7.359405517578125e+00 
-2.248082160949707e+01 -inf -1.505150049924850e-01 -1.505150049924850e-01 -1.505150049924850e-01 -7.359405517578125e+00 -inf 1.495507049560547e+01 1.495507049560547e+01 -7.359405517578125e+00 
-2.262694931030273e+01 -inf -1.505150049924850e-01 -1.505150049924850e-01 -1.505150049924850e-01 -7.359405517578125e+00 -inf 1.510119819641113e+01 1.510119819641113e+01 -7.359405517578125e+00 
-2.277307701110840e+01 -inf -1.505150049924850e-01 -1.505150049924850e-01 -1.505150049924850e-01 -7.359405517578125e+00 -inf 1.524732685089111e+01 1.524732685089111e+01 -7.359405517578125e+00 
