-1.000000000000000e+00 -2.778368400209113e+00 -1.437661825137375e+00 -2.928883398041019e+00 -1.466635186251784e+00 -1.301391937896357e+00 -2.478642344218184e+00 -2.663080311739005e+00 -2.597693211331299e+00 -3.602783875790903e+00 
-1.146128035678238e+00 -3.070518111821638e+00 -1.587636802883401e+00 -3.221033109653219e+00 -1.608324921504007e+00 -1.447342688207986e+00 -2.770153127361169e+00 -2.944603302709566e+00 -2.897983462515326e+00 -4.040813412087203e+00 
-1.292256071356476e+00 -3.362719918480324e+00 -1.736570787448182e+00 -3.513234916313302e+00 -1.751345415256858e+00 -1.593380277744957e+00 -3.062029145561721e+00 -3.229497111327453e+00 -3.196228158399574e+00 -4.479016626814488e+00 
-1.438384107034714e+00 -3.654948303890770e+00 -1.884733036431953e+00 -3.805463301722508e+00 -1.895285394943107e+00 -1.739462168884133e+00 -3.354091363186464e+00 -3.516644866587991e+00 -3.492892578036031e+00 -4.917308444700765e+00 
-1.584512142712952e+00 -3.947190249797046e+00 -2.032329482923268e+00 -4.097705247621489e+00 -2.039866536788627e+00 -1.885566661807961e+00 -3.646248542829233e+00 -3.805327255728356e+00 -3.788365430538058e+00 -5.355645466144515e+00 
-1.730640178391190e+00 -4.239439114298977e+00 -2.179514283335162e+00 -4.389954112167071e+00 -2.184897767496536e+00 -2.031682685975257e+00 -3.938454162678318e+00 -4.095068446440241e+00 -4.082954348654660e+00 -5.794005550984615e+00 
-1.876768214069428e+00 -4.531691508692148e+00 -2.326401197020149e+00 -4.682206506606991e+00 -2.330246497027379e+00 -2.177804593357149e+00 -4.230684494366763e+00 -4.385547231108035e+00 -4.376894847498772e+00 -6.232377403525248e+00 
-2.022896249747666e+00 -4.823945704045078e+00 -2.473073358431133e+00 -4.974460701780045e+00 -2.475819984596097e+00 -2.323929502359844e+00 -4.522927433477000e+00 -4.676543462154923e+00 -4.670363386200413e+00 -6.670755244567103e+00 
-2.169024285425904e+00 -5.116200818262784e+00 -2.619591113569195e+00 -5.266715816022769e+00 -2.621552983315819e+00 -2.470055942797014e+00 -4.815176804759826e+00 -4.967904544077913e+00 -4.963490277652331e+00 -7.109136098317252e+00 
-2.315152321104142e+00 -5.408456401281448e+00 -2.765998060960705e+00 -5.558971397993409e+00 -2.767399394279686e+00 -2.616183164576281e+00 -5.107429457731689e+00 -5.259523828900631e+00 -5.256370808259644e+00 -7.547518428633889e+00 
-2.461280356782380e+00 -5.700712223493837e+00 -2.912325595428692e+00 -5.851227222241275e+00 -2.913326546986490e+00 -2.762310785001784e+00 -5.399683785018928e+00 -5.551326316167149e+00 -5.549074168839726e+00 -7.985901557178188e+00 
-2.607408392460618e+00 -5.992968167694198e+00 -3.058596271234800e+00 -6.143483168785441e+00 -3.059311236334855e+00 -2.908438608819267e+00 -5.691938966589047e+00 -5.843259042058413e+00 -5.841650382598110e+00 -8.424287326668694e+00 
-2.753536428138856e+00 -6.285224174188018e+00 -3.204826264680428e+00 -6.435739166256342e+00 -3.205336953940937e+00 -3.054566536396866e+00 -5.984194583944260e+00 -6.135284480866225e+00 -6.134135455033173e+00 -8.862666599607195e+00 
-2.899664463817094e+00 -6.577480212526940e+00 -3.351027164074547e+00 -6.727995238670098e+00 -3.351391942049962e+00 -3.200694516954107e+00 -6.276450423720195e+00 -6.427375998500091e+00 -6.426555239873144e+00 -9.301112576005053e+00 
-3.045792499495332e+00 -6.869736267108848e+00 -3.497207264048448e+00 -7.020251219248892e+00 -3.497467819775292e+00 -3.346822524443894e+00 -6.568706376823576e+00 -6.719514527552069e+00 -6.718928612058866e+00 -9.739269927035568e+00 
-3.191920535173570e+00 -7.161992329191998e+00 -3.643372498047207e+00 -7.312507026032816e+00 -3.643558609385182e+00 -3.492950545833518e+00 -6.860962388139189e+00 -7.011686368105607e+00 -7.011268545146343e+00 -1.017833841161205e+01 
-3.338048570851808e+00 -7.454248396543655e+00 -3.789527109266403e+00 -7.604764260224549e+00 -3.789660045577277e+00 -3.639078574174289e+00 -7.153218428325288e+00 -7.303880171619383e+00 -7.303585356756690e+00 -1.061654229912198e+01 
-3.484176606530046e+00 -7.746504466143612e+00 -3.935674129868903e+00 -7.897021458198677e+00 -3.935769084129193e+00 -3.785206605790622e+00 -7.445474483927981e+00 -7.596089763471841e+00 -7.595883897199857e+00 -1.104717025410459e+01 
-3.630304642208284e+00 -8.038760533519376e+00 -4.081815728554774e+00 -8.189283931981663e+00 -4.081883552026233e+00 -3.931334640106159e+00 -7.737730548398901e+00 -7.888303376745596e+00 -7.888176077750649e+00 -1.151138040393265e+01 
-3.776432677886522e+00 -8.331016606562814e+00 -4.227953452832211e+00 -8.481528076742800e+00 -4.228001899498623e+00 -4.077462673956947e+00 -8.029986610898833e+00 -8.180513913941674e+00 -8.180492082715322e+00 -1.187714713685123e+01 
-3.922560713564760e+00 -8.623272670893098e+00 -4.374088413319182e+00 -8.773884409749090e+00 -4.374123010094658e+00 -4.223590709359775e+00 -8.322242695481084e+00 -8.472654375281111e+00 -8.472714281311838e+00 -1.233311631248875e+01 
-4.068688749242998e+00 -8.915528782753508e+00 -4.520221390503903e+00 -9.066054671231605e+00 -4.520246107367254e+00 -4.369718739097614e+00 -8.614498707701816e+00 -8.764820609380584e+00 -8.764984960454965e+00 -1.188592147015226e+01 
-4.214816784921235e+00 -9.207784766783503e+00 -4.666352959195909e+00 -9.358065356254292e+00 -4.666370624080210e+00 -4.515846779010112e+00 -8.906754848919478e+00 -9.057021944900130e+00 -9.057924523564145e+00 -1.621301914394243e+01 
-4.360944820599474e+00 -9.500040940835923e+00 -4.812483532341297e+00 -9.651890734884837e+00 -4.812496104599228e+00 -4.661974814688699e+00 -9.199010792684035e+00 -9.349241296773032e+00 -9.348006139759100e+00 -1.621301914394243e+01 
-4.507072856277712e+00 -9.792296957296747e+00 -4.958613360801321e+00 -9.938036926074785e+00 -4.958622468215477e+00 -4.808102846301082e+00 -9.491267260509183e+00 -9.640121489170575e+00 -9.650392317719604e+00 -1.621301914394243e+01 
-4.653200891955950e+00 -1.008455300474312e+01 -5.104742612608053e+00 -1.022686881423897e+01 -5.104749169393568e+00 -4.954230858069899e+00 -9.783523009079136e+00 -9.946740469591074e+00 -9.937248775435000e+00 -1.160242951997018e+01 
-4.799328927634188e+00 -1.037680968532947e+01 -5.250871634467599e+00 -1.051806456704685e+01 -5.250876329339227e+00 -5.100358737536444e+00 -1.007577968966548e+01 -1.024341462530492e+01 -1.024341462530492e+01 -1.115526464469512e+01 
-4.945456963312425e+00 -1.066906621595210e+01 -5.397000549761127e+00 -1.075092603631363e+01 -5.397004394699509e+00 -5.246487247790228e+00 -1.036803396988857e+01 -1.044236578869076e+01 -1.066912473043372e+01 -1.100913009108588e+01 
-5.091584998990664e+00 -1.096132552790441e+01 -5.543129725949834e+00 -1.115652640608188e+01 -5.543131841494220e+00 -5.392614863395600e+00 -1.066029112143538e+01 -1.068944634840432e+01 -1.117168020478836e+01 -1.621301914394243e+01 
-5.237713034668902e+00 -1.125357471842457e+01 -5.689257754377065e+00 -1.095520255752715e+01 -5.689262462737304e+00 -5.538743310749708e+00 -1.095255336793147e+01 -1.109121337021558e+01 -1.068439556494830e+01 -1.621301914394243e+01 
-5.383841070347140e+00 -1.154584116400676e+01 -5.835384359326674e+00 -1.146726753043918e+01 -5.835386386659625e+00 -5.684873190732543e+00 -1.124479422390229e+01 -1.146726753043918e+01 -1.099892606785679e+01 -1.057074771012153e+01 
-5.529969106025378e+00 -1.183811485828267e+01 -5.981518379653040e+00 -1.105632544839968e+01 -5.981525691273487e+00 -5.831002356054110e+00 -1.153705165078968e+01 -1.099893087761244e+01 -1.033347998835591e+01 -1.072564924594124e+01 
-5.676097141703615e+00 -1.213033373256132e+01 -6.127645579271197e+00 -1.160184785517025e+01 -6.127642664394340e+00 -5.977137034071493e+00 -1.182930373689734e+01 -1.160184785517025e+01 -1.160184785517025e+01 -1.027849212352673e+01 
-5.822225177381854e+00 -1.242272782109519e+01 -6.273786472352222e+00 -1.087622359066082e+01 -6.273808168860671e+00 -6.123253786712256e+00 -1.212144265827822e+01 -1.021874186123433e+01 -1.029962528016785e+01 -1.621301914394243e+01 
-5.968353213060092e+00 -1.271504004935053e+01 -6.419910168876950e+00 -1.122731698035473e+01 -6.419923702379007e+00 -6.269398833880837e+00 -1.241375995607992e+01 -1.122731698035473e+01 -1.122731698035473e+01 -1.028726603752892e+01 
-6.114481248738330e+00 -1.300715604830395e+01 -6.566238305867682e+00 -1.045145033619268e+01 -6.566125184221995e+00 -6.415553544915194e+00 -1.270612605263997e+01 -9.745039102071111e+00 -9.961996933478678e+00 -1.014113814906947e+01 
-6.260609284416568e+00 -1.329945133537962e+01 -6.712046967954012e+00 -1.028952874289155e+01 -6.712276819512471e+00 -6.561720796340327e+00 -1.299746157251419e+01 -1.028952874289155e+01 -1.028952874289155e+01 -9.995010218547538e+00 
-6.406737320094805e+00 -1.359097779029886e+01 -6.858002312098797e+00 -9.762636003038008e+00 -6.859085545344361e+00 -6.707746355775118e+00 -1.329183193850943e+01 -9.762636003038008e+00 -9.341069614393714e+00 -1.621301914394243e+01 
-6.552865355773044e+00 -1.388270776288488e+01 -7.004020426843681e+00 -9.840417638368782e+00 -7.005288227117891e+00 -6.853949709220120e+00 -1.358167776722090e+01 -9.840417638368782e+00 -9.840417638368782e+00 -1.621301914394243e+01 
-6.698993391451282e+00 -1.417643851980736e+01 -7.153103447108411e+00 -9.672699120108613e+00 -7.150485812368644e+00 -7.000323873902543e+00 -1.387540852414338e+01 -9.309766493361002e+00 -1.018642469336021e+01 -1.621301914394243e+01 
-6.845121427129520e+00 -1.447746851547134e+01 -7.296472593235993e+00 -9.399916271015840e+00 -7.303372065271045e+00 -7.145680516087845e+00 -1.416219808069275e+01 -1.101840790721702e+01 -8.929821000301313e+00 -1.621301914394243e+01 
-6.991249462807758e+00 -1.477849851113532e+01 -7.444710450889938e+00 -1.101840790721702e+01 -7.444942314598176e+00 -7.291242449967533e+00 -1.444943979187110e+01 -1.101840790721702e+01 -9.256785411681639e+00 -1.621301914394243e+01 
-7.137377498485995e+00 -1.505149978319906e+01 -7.601446164863583e+00 -1.000338926522491e+01 -7.598017258501403e+00 -7.437001030720790e+00 -1.475046978753508e+01 -8.789807086404808e+00 -9.178859134258563e+00 -1.621301914394243e+01 
-7.283505534164234e+00 -1.525561976585498e+01 -7.766644460567011e+00 -1.027483854452004e+01 -7.769348243779272e+00 -7.591902991018270e+00 -1.517643851980736e+01 -8.502263564431679e+00 -8.660401603538830e+00 -8.972114206751730e+00 
-7.429633569842472e+00 -1.565355977452702e+01 -7.905795561982783e+00 -9.319089637111027e+00 -7.940697905388514e+00 -7.746804951449353e+00 -1.535252977886304e+01 -8.994301644041144e+00 -8.460256873647742e+00 -8.825986178198926e+00 
-7.575761605520710e+00 -1.595458977019100e+01 -8.151925555628564e+00 -9.108907129150081e+00 -8.260290597841053e+00 -7.901706912071297e+00 -1.565355977452702e+01 -8.468297068847987e+00 -8.151925555628564e+00 -8.679858147610284e+00 
-7.721889641198948e+00 -inf -8.151925555628564e+00 -8.922196675483010e+00 -8.332011144774878e+00 -7.931670135600216e+00 -1.565355977452702e+01 -8.922196675483010e+00 -8.922196675483010e+00 -8.232700133536339e+00 
-7.868017676877185e+00 -inf -8.151925555628564e+00 -8.529915909897072e+00 -8.941354863276809e+00 -8.086572096559733e+00 -1.565355977452702e+01 -8.529915909897072e+00 -8.529915909897072e+00 -8.387602095469632e+00 
-8.014145712555424e+00 -inf -8.671109092799940e+00 -8.671109092799940e+00 -8.671109092799940e+00 -1.621301914394243e+01 -inf -8.671109092799940e+00 -8.104168188892396e+00 -7.940444055317069e+00 
-8.160273748233662e+00 -inf -8.152221790190417e+00 -8.152221790190417e+00 -8.152221790190417e+00 -1.621301914394243e+01 -inf -7.821823507154522e+00 -8.152221790190417e+00 -8.095346014309163e+00 
-8.306401783911900e+00 -inf -7.870747770063805e+00 -8.652471775934233e+00 -8.045063618442743e+00 -1.621301914394243e+01 -inf -7.607182994008816e+00 -7.693472099009498e+00 -1.621301914394243e+01 
-8.452529819590138e+00 -inf -8.345031834697322e+00 -8.345031834697322e+00 -8.345031834697322e+00 -1.621301914394243e+01 -inf -8.345031834697322e+00 -7.950071366013435e+00 -1.621301914394243e+01 
-8.598657855268376e+00 -inf -7.966059582930550e+00 -7.966059582930550e+00 -7.966059582930550e+00 -1.621301914394243e+01 -inf -7.966059582930550e+00 -7.966059582930550e+00 -1.621301914394243e+01 
-8.744785890946615e+00 -inf -7.611951063833773e+00 -8.193371267308491e+00 -7.428870317674016e+00 -1.621301914394243e+01 -inf -7.611951063833773e+00 -7.166891360402018e+00 -1.621301914394243e+01 
-8.890913926624851e+00 -inf -7.611951065806857e+00 -7.611951065806857e+00 -7.611951065806857e+00 -1.621301914394243e+01 -inf -7.611951065806857e+00 -7.611951065806857e+00 -1.621301914394243e+01 
-9.037041962303089e+00 -inf -7.379764838644979e+00 -7.379764838644979e+00 -7.379764838644979e+00 -1.621301914394243e+01 -inf -7.379764838644979e+00 -7.379764838644979e+00 -1.621301914394243e+01 
-9.183169997981327e+00 -inf -7.181174174313028e+00 -7.727135709820408e+00 -6.985567116607855e+00 -1.621301914394243e+01 -inf -6.822388467086366e+00 -6.725809399689454e+00 -1.621301914394243e+01 
-9.329298033659565e+00 -inf -6.776107033429292e+00 -7.310123560078537e+00 -7.157858288276650e+00 -1.621301914394243e+01 -inf -6.543721932703615e+00 -6.725809399433003e+00 -1.621301914394243e+01 
-9.475426069337804e+00 -inf -6.581294002103915e+00 -7.016105124716757e+00 -7.157858288276650e+00 -1.621301914394243e+01 -inf -6.368425400924011e+00 -7.157858288276650e+00 -1.621301914394243e+01 
-9.621554105016042e+00 -inf -6.707986873015532e+00 -6.707986873015532e+00 -6.707986873015532e+00 -1.621301914394243e+01 -inf -6.707986873015532e+00 -6.368425401036632e+00 -1.621301914394243e+01 
-9.767682140694280e+00 -inf -6.323693618928255e+00 -6.825525366560683e+00 -6.755249705079341e+00 -1.621301914394243e+01 -inf -6.323693618928255e+00 -6.300313734467040e+00 -1.621301914394243e+01 
-9.913810176372518e+00 -inf -6.755249705079341e+00 -6.755249705079341e+00 -6.755249705079341e+00 -1.621301914394243e+01 -inf -6.755249705079341e+00 -6.755249705079341e+00 -1.621301914394243e+01 
-1.005993821205076e+01 -inf -5.959067939405149e+00 -6.335761196949896e+00 -6.755249704804902e+00 -1.621301914394243e+01 -inf -5.760426125795372e+00 -6.755249704804902e+00 -1.621301914394243e+01 
-1.020606624772899e+01 -inf -6.476099110477330e+00 -6.476099110477330e+00 -6.476099110477330e+00 -1.621301914394243e+01 -inf -6.476099110477330e+00 -6.476099110477330e+00 -1.621301914394243e+01 
-1.035219428340723e+01 -inf -5.754095889657407e+00 -6.290261799630945e+00 -6.132837613476195e+00 -1.621301914394243e+01 -inf -5.521343798711306e+00 -6.132837613476195e+00 -1.621301914394243e+01 
-1.049832231908547e+01 -inf -5.898949881815184e+00 -6.312760538248810e+00 -5.650659497504376e+00 -1.621301914394243e+01 -inf -5.898949881815184e+00 -5.399683641252283e+00 -1.621301914394243e+01 
-1.064445035476371e+01 -inf -6.863451445873783e+00 -5.587530407655066e+00 -5.298159097273597e+00 -1.621301914394243e+01 -inf -6.863451445873783e+00 -5.126024670311594e+00 -1.621301914394243e+01 
-1.079057839044195e+01 -inf -5.422505075777525e+00 -6.452624254521210e+00 -5.512200719023820e+00 -1.621301914394243e+01 -inf -5.142222668963024e+00 -5.512200719023820e+00 -1.621301914394243e+01 
-1.093670642612018e+01 -inf -5.102766217605284e+00 -5.509401523395990e+00 -5.768597973718958e+00 -1.621301914394243e+01 -inf -4.896499343177117e+00 -5.768597973718958e+00 -1.621301914394243e+01 
-1.108283446179842e+01 -inf -5.670622756108058e+00 -5.338877620976028e+00 -4.946909310547840e+00 -1.621301914394243e+01 -inf -5.670622756108058e+00 -4.744295171388297e+00 -1.621301914394243e+01 
-1.122896249747666e+01 -inf -4.991568943333924e+00 -6.101616664406491e+00 -5.064831676744636e+00 -1.621301914394243e+01 -inf -4.707728841404403e+00 -5.064831676744636e+00 -1.621301914394243e+01 
-1.137509053315490e+01 -inf -4.855180238318104e+00 -6.101616664467418e+00 -4.907450019200010e+00 -1.621301914394243e+01 -inf -4.566639819144106e+00 -4.907450019200010e+00 -1.621301914394243e+01 
-1.152121856883314e+01 -inf -4.610991708999734e+00 -5.217672022971650e+00 -4.907450019196114e+00 -1.621301914394243e+01 -inf -4.367297608585590e+00 -4.907450019196114e+00 -1.621301914394243e+01 
-1.166734660451137e+01 -inf -4.406297626904576e+00 -4.871884240574268e+00 -4.907450019196114e+00 -1.621301914394243e+01 -inf -4.186793028990872e+00 -4.907450019196114e+00 -1.621301914394243e+01 
-1.181347464018961e+01 -inf -5.082496793900184e+00 -4.555035176267562e+00 -4.193902370767769e+00 -1.621301914394243e+01 -inf -5.082496793900184e+00 -3.999493137058709e+00 -1.621301914394243e+01 
-1.195960267586785e+01 -inf -5.082496793906014e+00 -4.373551640973524e+00 -4.032026383356230e+00 -1.621301914394243e+01 -inf -5.082496793906014e+00 -3.843234448443528e+00 -1.621301914394243e+01 
-1.210573071154609e+01 -inf -4.545122432886855e+00 -4.545122432886855e+00 -4.545122432886855e+00 -1.621301914394243e+01 -inf -4.545122432886855e+00 -4.002985972951659e+00 -1.621301914394243e+01 
-1.225185874722433e+01 -inf -4.248158734404121e+00 -4.248158734404121e+00 -4.248158734404121e+00 -1.621301914394243e+01 -inf -4.248158734404121e+00 -4.248158734404121e+00 -1.621301914394243e+01 
-1.239798678290256e+01 -inf -4.017149434485697e+00 -4.017149434485697e+00 -4.017149434485697e+00 -1.621301914394243e+01 -inf -4.017149434485697e+00 -4.017149434485697e+00 -1.621301914394243e+01 
-1.254411481858080e+01 -inf -3.741225064526685e+00 -4.891014058707077e+00 -3.683689053222071e+00 -1.621301914394243e+01 -inf -3.425080829862882e+00 -3.683689053222071e+00 -1.621301914394243e+01 
-1.269024285425904e+01 -inf -3.741225064526685e+00 -4.042984787198972e+00 -3.440559779100621e+00 -1.621301914394243e+01 -inf -3.741225064526685e+00 -3.197469610196561e+00 -1.621301914394243e+01 
-1.283637088993728e+01 -inf -3.294223300070732e+00 -3.896022877817324e+00 -3.595513865559931e+00 -1.621301914394243e+01 -inf -3.051222466074822e+00 -3.595513865559931e+00 -1.621301914394243e+01 
-1.298249892561552e+01 -inf -3.015510831329629e+00 -3.364789051587235e+00 -3.993714600488444e+00 -1.621301914394243e+01 -inf -2.824458684355752e+00 -3.993714600488444e+00 -1.621301914394243e+01 
-1.312862696129375e+01 -inf -3.268922349770994e+00 -3.681738158462378e+00 -3.020198488205553e+00 -1.621301914394243e+01 -inf -3.268922349770994e+00 -2.769291257798975e+00 -1.621301914394243e+01 
-1.327475499697199e+01 -inf -3.183114850606198e+00 -3.183114850606198e+00 -3.183114850606198e+00 -1.621301914394243e+01 -inf -3.183114850606198e+00 -3.183114850606198e+00 -1.621301914394243e+01 
-1.342088303265023e+01 -inf -2.993063056158112e+00 -3.349728762613352e+00 -2.718960616168919e+00 -1.621301914394243e+01 -inf -2.993063056158112e+00 -2.471972036506133e+00 -1.621301914394243e+01 
-1.356701106832847e+01 -inf -2.795520061834103e+00 -3.349728762613244e+00 -2.602885590543143e+00 -1.621301914394243e+01 -inf -2.437752827641958e+00 -2.342605518745622e+00 -1.621301914394243e+01 
-1.371313910400671e+01 -inf -2.775742504834559e+00 -2.775742504834559e+00 -2.775742504834559e+00 -1.621301914394243e+01 -inf -2.775742504834559e+00 -2.775742504834559e+00 -1.621301914394243e+01 
-1.385926713968494e+01 -inf -2.124915578178888e+00 -2.457703407930562e+00 -3.276631173033242e+00 -1.621301914394243e+01 -inf -1.938734284033175e+00 -3.276631173033242e+00 -1.621301914394243e+01 
-1.400539517536318e+01 -inf -2.967798569144124e+00 -2.967798569144124e+00 -2.967798569144124e+00 -1.621301914394243e+01 -inf -2.967798569144124e+00 -2.174089188971668e+00 -1.621301914394243e+01 
-1.415152321104142e+01 -inf -1.774319111409781e+00 -2.048386986253791e+00 -2.967798569144124e+00 -1.621301914394243e+01 -inf -1.607600482636584e+00 -2.967798569144124e+00 -1.621301914394243e+01 
-1.429765124671966e+01 -inf -2.683920841100051e+00 -1.883169511132985e+00 -1.617930666642909e+00 -1.621301914394243e+01 -inf -2.683920841100051e+00 -1.454456702558971e+00 -1.621301914394243e+01 
-1.444377928239790e+01 -inf -2.631534982568525e+00 -1.883169511132985e+00 -1.545012249362325e+00 -1.621301914394243e+01 -inf -2.631534982568525e+00 -1.357218562496675e+00 -1.621301914394243e+01 
-1.458990731807613e+01 -inf -1.568439607382480e+00 -2.265961325797851e+00 -1.791256571116856e+00 -1.621301914394243e+01 -inf -1.313328321475034e+00 -1.791256571116856e+00 -1.621301914394243e+01 
-1.473603535375437e+01 -inf -1.735760057205301e+00 -1.735760057205301e+00 -1.735760057205301e+00 -1.621301914394243e+01 -inf -1.735760057205301e+00 -1.735760057205301e+00 -1.621301914394243e+01 
-1.488216338943261e+01 -inf -1.262412626174497e+00 -1.909042314146498e+00 -1.523024190212358e+00 -1.621301914394243e+01 -inf -1.013365066472534e+00 -1.140803101787675e+00 -1.621301914394243e+01 
-1.502829142511085e+01 -inf -2.412750887026817e+00 -1.256632653156056e+00 -9.407033821360651e-01 -1.621301914394243e+01 -inf -2.412750887026817e+00 -7.597571613662648e-01 -1.621301914394243e+01 
-1.517441946078909e+01 -inf -9.123558066601898e-01 -1.404343757879948e+00 -1.361188474051408e+00 -1.621301914394243e+01 -inf -6.875938262106390e-01 -1.361188474051408e+00 -1.621301914394243e+01 
-1.532054749646732e+01 -inf -1.984910012900665e+00 -8.979812249149206e-01 -6.151009003641154e-01 -1.621301914394243e+01 -inf -1.984910012900665e+00 -4.452320918678382e-01 -1.621301914394243e+01 
-1.546667553214556e+01 -inf -1.245622755376287e+00 -1.245622755376287e+00 -1.245622755376287e+00 -1.621301914394243e+01 -inf -6.588038961692568e-01 -1.245622755376287e+00 -1.621301914394243e+01 
-1.561280356782380e+01 -inf -6.918254119911987e-01 -1.614596962585619e+00 -5.987810028195230e-01 -1.621301914394243e+01 -inf -3.655998525887035e-01 -5.987810028195230e-01 -1.621301914394243e+01 
-1.575893160350204e+01 -inf -2.460440069901623e-01 -6.040822000358419e-01 -1.156083350936351e+00 -1.621301914394243e+01 -inf -5.249983065344369e-02 -1.156083350936351e+00 -1.621301914394243e+01 
-1.590505963918028e+01 -inf -7.325726177721257e-01 -5.833612846213019e-01 -1.505149978319906e-01 -1.621301914394243e+01 -inf -7.325726177721257e-01 6.191014683091958e-02 -1.621301914394243e+01 
-1.605118767485851e+01 -inf -2.660045423915168e-01 -1.083252515817209e+00 -1.505149978319906e-01 -1.621301914394243e+01 -inf -2.660045423915168e-01 1.243926315522619e-01 -1.621301914394243e+01 
-1.619731571053675e+01 -inf 1.771599056197771e-02 -7.765959099550951e-01 -1.505149978319906e-01 -1.621301914394243e+01 -inf 1.771599056197771e-02 1.990632050818484e-01 -1.621301914394243e+01 
-1.634344374621499e+01 -inf -1.505149978319906e-01 -1.505149978319906e-01 -1.505149978319906e-01 -1.621301914394243e+01 -inf -1.505149978319906e-01 -1.505149978319906e-01 -1.621301914394243e+01 
-1.648957178189323e+01 -inf -1.505149978319906e-01 -1.505149978319906e-01 -1.505149978319906e-01 -1.621301914394243e+01 -inf -1.505149978319906e-01 -1.505149978319906e-01 -1.621301914394243e+01 
-1.663569981757147e+01 -inf -1.505149978319906e-01 -1.505149978319906e-01 -1.505149978319906e-01 -1.621301914394243e+01 -inf -1.505149978319906e-01 -1.505149978319906e-01 -1.621301914394243e+01 
-1.678182785324970e+01 -inf -1.505149978319906e-01 -1.505149978319906e-01 -1.505149978319906e-01 -1.621301914394243e+01 -inf -1.505149978319906e-01 -1.505149978319906e-01 -1.621301914394243e+01 
-1.692795588892794e+01 -inf -1.505149978319906e-01 -1.505149978319906e-01 -1.505149978319906e-01 -1.621301914394243e+01 -inf -1.505149978319906e-01 -1.505149978319906e-01 -1.621301914394243e+01 
-1.707408392460618e+01 -inf -1.505149978319906e-01 -1.505149978319906e-01 -1.505149978319906e-01 -1.621301914394243e+01 -inf -1.505149978319906e-01 -1.505149978319906e-01 -1.621301914394243e+01 
-1.722021196028442e+01 -inf -1.505149978319906e-01 -1.505149978319906e-01 -1.505149978319906e-01 -1.621301914394243e+01 -inf -1.505149978319906e-01 -1.505149978319906e-01 -1.621301914394243e+01 
-1.736633999596265e+01 -inf -1.505149978319906e-01 -1.505149978319906e-01 -1.505149978319906e-01 -1.621301914394243e+01 -inf -1.505149978319906e-01 -1.505149978319906e-01 -1.621301914394243e+01 
-1.751246803164089e+01 -inf -1.505149978319906e-01 -1.505149978319906e-01 -1.505149978319906e-01 -1.621301914394243e+01 -inf -1.505149978319906e-01 -1.505149978319906e-01 -1.621301914394243e+01 
-1.765859606731913e+01 -inf -1.505149978319906e-01 -1.505149978319906e-01 -1.505149978319906e-01 -1.621301914394243e+01 -inf -1.505149978319906e-01 -1.505149978319906e-01 -1.621301914394243e+01 
-1.780472410299737e+01 -inf -1.505149978319906e-01 -1.505149978319906e-01 -1.505149978319906e-01 -1.621301914394243e+01 -inf -1.505149978319906e-01 -1.505149978319906e-01 -1.621301914394243e+01 
-1.795085213867561e+01 -inf -1.505149978319906e-01 -1.505149978319906e-01 -1.505149978319906e-01 -1.621301914394243e+01 -inf -1.505149978319906e-01 -1.505149978319906e-01 -1.621301914394243e+01 
-1.809698017435385e+01 -inf -1.505149978319906e-01 -1.505149978319906e-01 -1.505149978319906e-01 -1.621301914394243e+01 -inf -1.505149978319906e-01 -1.505149978319906e-01 -1.621301914394243e+01 
-1.824310821003208e+01 -inf -1.505149978319906e-01 -1.505149978319906e-01 -1.505149978319906e-01 -1.621301914394243e+01 -inf -1.505149978319906e-01 -1.505149978319906e-01 -1.621301914394243e+01 
-1.838923624571032e+01 -inf -1.505149978319906e-01 -1.505149978319906e-01 -1.505149978319906e-01 -1.621301914394243e+01 -inf -1.505149978319906e-01 -1.505149978319906e-01 -1.621301914394243e+01 
-1.853536428138856e+01 -inf -1.505149978319906e-01 -1.505149978319906e-01 -1.505149978319906e-01 -1.621301914394243e+01 -inf -1.505149978319906e-01 -1.505149978319906e-01 -1.621301914394243e+01 
-1.868149231706680e+01 -inf -1.505149978319906e-01 -1.505149978319906e-01 -1.505149978319906e-01 -1.621301914394243e+01 -inf -1.505149978319906e-01 -1.505149978319906e-01 -1.621301914394243e+01 
-1.882762035274504e+01 -inf -1.505149978319906e-01 -1.505149978319906e-01 -1.505149978319906e-01 -1.621301914394243e+01 -inf -1.505149978319906e-01 -1.505149978319906e-01 -1.621301914394243e+01 
-1.897374838842327e+01 -inf -1.505149978319906e-01 -1.505149978319906e-01 -1.505149978319906e-01 -1.621301914394243e+01 -inf -1.505149978319906e-01 -1.505149978319906e-01 -1.621301914394243e+01 
-1.911987642410151e+01 -inf -1.505149978319906e-01 -1.505149978319906e-01 -1.505149978319906e-01 -1.621301914394243e+01 -inf -1.505149978319906e-01 -1.505149978319906e-01 -1.621301914394243e+01 
-1.926600445977975e+01 -inf -1.505149978319906e-01 -1.505149978319906e-01 -1.505149978319906e-01 -1.621301914394243e+01 -inf -1.505149978319906e-01 -1.505149978319906e-01 -1.621301914394243e+01 
-1.941213249545799e+01 -inf -1.505149978319906e-01 -1.505149978319906e-01 -1.505149978319906e-01 -1.621301914394243e+01 -inf -1.505149978319906e-01 -1.505149978319906e-01 -1.621301914394243e+01 
-1.955826053113623e+01 -inf -1.505149978319906e-01 -1.505149978319906e-01 -1.505149978319906e-01 -1.621301914394243e+01 -inf -1.505149978319906e-01 -1.505149978319906e-01 -1.621301914394243e+01 
-1.970438856681446e+01 -inf -1.505149978319906e-01 -1.505149978319906e-01 -1.505149978319906e-01 -1.621301914394243e+01 -inf -1.505149978319906e-01 -1.505149978319906e-01 -1.621301914394243e+01 
-1.985051660249270e+01 -inf -1.505149978319906e-01 -1.505149978319906e-01 -1.505149978319906e-01 -1.621301914394243e+01 -inf -1.505149978319906e-01 -1.505149978319906e-01 -1.621301914394243e+01 
-1.999664463817094e+01 -inf -1.505149978319906e-01 -1.505149978319906e-01 -1.505149978319906e-01 -1.621301914394243e+01 -inf -1.505149978319906e-01 -1.505149978319906e-01 -1.621301914394243e+01 
-2.014277267384918e+01 -inf -1.505149978319906e-01 -1.505149978319906e-01 -1.505149978319906e-01 -1.621301914394243e+01 -inf -1.505149978319906e-01 -1.505149978319906e-01 -1.621301914394243e+01 
-2.028890070952741e+01 -inf -1.505149978319906e-01 -1.505149978319906e-01 -1.505149978319906e-01 -1.621301914394243e+01 -inf -1.505149978319906e-01 -1.505149978319906e-01 -1.621301914394243e+01 
-2.043502874520565e+01 -inf -1.505149978319906e-01 -1.505149978319906e-01 -1.505149978319906e-01 -1.621301914394243e+01 -inf -1.505149978319906e-01 -1.505149978319906e-01 -1.621301914394243e+01 
-2.058115678088389e+01 -inf -1.505149978319906e-01 -1.505149978319906e-01 -1.505149978319906e-01 -1.621301914394243e+01 -inf -1.505149978319906e-01 -1.505149978319906e-01 -1.621301914394243e+01 
-2.072728481656213e+01 -inf -1.505149978319906e-01 -1.505149978319906e-01 -1.505149978319906e-01 -1.621301914394243e+01 -inf -1.505149978319906e-01 -1.505149978319906e-01 -1.621301914394243e+01 
-2.087341285224037e+01 -inf -1.505149978319906e-01 -1.505149978319906e-01 -1.505149978319906e-01 -1.621301914394243e+01 -inf -1.505149978319906e-01 -1.505149978319906e-01 -1.621301914394243e+01 
-2.101954088791861e+01 -inf -1.505149978319906e-01 -1.505149978319906e-01 -1.505149978319906e-01 -1.621301914394243e+01 -inf -1.505149978319906e-01 -1.505149978319906e-01 -1.621301914394243e+01 
-2.116566892359684e+01 -inf -1.505149978319906e-01 -1.505149978319906e-01 -1.505149978319906e-01 -1.621301914394243e+01 -inf -1.505149978319906e-01 -1.505149978319906e-01 -1.621301914394243e+01 
-2.131179695927508e+01 -inf -1.505149978319906e-01 -1.505149978319906e-01 -1.505149978319906e-01 -1.621301914394243e+01 -inf -1.505149978319906e-01 -1.505149978319906e-01 -1.621301914394243e+01 
-2.145792499495332e+01 -inf -1.505149978319906e-01 -1.505149978319906e-01 -1.505149978319906e-01 -1.621301914394243e+01 -inf -1.505149978319906e-01 -1.505149978319906e-01 -1.621301914394243e+01 
-2.160405303063156e+01 -inf -1.505149978319906e-01 -1.505149978319906e-01 -1.505149978319906e-01 -1.621301914394243e+01 -inf -1.505149978319906e-01 -1.505149978319906e-01 -1.621301914394243e+01 
-2.175018106630980e+01 -inf -1.505149978319906e-01 -1.505149978319906e-01 -1.505149978319906e-01 -1.621301914394243e+01 -inf -1.505149978319906e-01 -1.505149978319906e-01 -1.621301914394243e+01 
-2.189630910198803e+01 -inf -1.505149978319906e-01 -1.505149978319906e-01 -1.505149978319906e-01 -1.621301914394243e+01 -inf -1.505149978319906e-01 -1.505149978319906e-01 -1.621301914394243e+01 
-2.204243713766627e+01 -inf -1.505149978319906e-01 -1.505149978319906e-01 -1.505149978319906e-01 -1.621301914394243e+01 -inf -1.505149978319906e-01 -1.505149978319906e-01 -1.621301914394243e+01 
-2.218856517334451e+01 -inf -1.505149978319906e-01 -1.505149978319906e-01 -1.505149978319906e-01 -1.621301914394243e+01 -inf -1.505149978319906e-01 -1.505149978319906e-01 -1.621301914394243e+01 
-2.233469320902275e+01 -inf -1.505149978319906e-01 -1.505149978319906e-01 -1.505149978319906e-01 -1.621301914394243e+01 -inf -1.505149978319906e-01 -1.505149978319906e-01 -1.621301914394243e+01 
-2.248082124470099e+01 -inf -1.505149978319906e-01 -1.505149978319906e-01 -1.505149978319906e-01 -1.621301914394243e+01 -inf -1.505149978319906e-01 -1.505149978319906e-01 -1.621301914394243e+01 
-2.262694928037922e+01 -inf -1.505149978319906e-01 -1.505149978319906e-01 -1.505149978319906e-01 -1.621301914394243e+01 -inf -1.505149978319906e-01 -1.505149978319906e-01 -1.621301914394243e+01 
-2.277307731605746e+01 -inf -1.505149978319906e-01 -1.505149978319906e-01 -1.505149978319906e-01 -1.621301914394243e+01 -inf -1.505149978319906e-01 -1.505149978319906e-01 -1.621301914394243e+01 
