t=0.748699
-8 1.10935e-11 0
-7.9599 1.37604e-11
-7.9198 1.70503e-11
-7.8797 2.11041e-11 1.37669e-11
-7.8396 2.60937e-11
-7.7995 3.22284e-11
-7.7594 3.97629e-11 3.31514e-11
-7.7193 4.90064e-11
-7.6792 6.03339e-11
-7.6391 7.42002e-11 6.58111e-11
-7.599 9.11558e-11
-7.5589 1.11866e-10
-7.5188 1.37135e-10 1.24128e-10
-7.4787 1.67931e-10
-7.4386 2.05423e-10
-7.3985 2.51017e-10 2.29355e-10
-7.3584 3.06402e-10
-7.3183 3.73607e-10
-7.2782 4.55066e-10 4.18417e-10
-7.2381 5.53692e-10
-7.19799 6.72971e-10
-7.15789 8.17072e-10 7.55232e-10
-7.11779 9.90967e-10
-7.07769 1.20059e-09
-7.03759 1.45299e-09 1.34948e-09
-6.99749 1.75657e-09
-6.95739 2.12131e-09
-6.91729 2.55905e-09 2.38749e-09
-6.87719 3.08381e-09
-6.83709 3.7122e-09
-6.79699 4.46386e-09 4.18235e-09
-6.75689 5.36197e-09
-6.71679 6.43389e-09
-6.67669 7.71184e-09 7.25465e-09
-6.63659 9.23374e-09
-6.59649 1.10441e-08
-6.55639 1.31954e-08 1.24604e-08
-6.51629 1.57488e-08
-6.47619 1.87761e-08
-6.43609 2.23615e-08 2.11921e-08
-6.39599 2.6603e-08
-6.35589 3.16152e-08
-6.31579 3.75315e-08 3.56897e-08
-6.27569 4.45073e-08
-6.23559 5.27232e-08
-6.19549 6.2389e-08 5.95175e-08
-6.15539 7.37477e-08
-6.11529 8.70812e-08
-6.07519 1.02715e-07 9.82837e-08
-6.03509 1.21027e-07
-5.99499 1.4245e-07
-5.95489 1.67486e-07 1.60715e-07
-5.91479 1.96712e-07
-5.87469 2.30791e-07
-5.83459 2.70483e-07 2.6024e-07
-5.79449 3.16663e-07
-5.75439 3.70331e-07
-5.71429 4.32632e-07 4.17289e-07
-5.67419 5.04872e-07
-5.63409 5.88545e-07
-5.59398 6.85351e-07 6.62596e-07
-5.55388 7.97226e-07
-5.51378 9.26372e-07
-5.47368 1.07529e-06 1.04187e-06
-5.43358 1.24681e-06
-5.39348 1.44414e-06
-5.35338 1.67091e-06 1.62229e-06
-5.31328 1.93123e-06
-5.27318 2.22972e-06
-5.23308 2.57158e-06 2.50153e-06
-5.19298 2.96269e-06
-5.15288 3.40963e-06
-5.11278 3.9198e-06 3.81981e-06
-5.07268 4.50149e-06
-5.03258 5.16397e-06
-4.99248 5.91761e-06 5.77619e-06
-4.95238 6.77398e-06
-4.91228 7.746e-06
-4.87218 8.84802e-06 8.64983e-06
-4.83208 1.0096e-05
-4.79198 1.15077e-05
-4.75188 1.31028e-05 1.28275e-05
-4.71178 1.4903e-05
-4.67168 1.69325e-05
-4.63158 1.92177e-05 1.88387e-05
-4.59148 2.1788e-05
-4.55138 2.46757e-05
-4.51128 2.79162e-05 2.73988e-05
-4.47118 3.15485e-05
-4.43108 3.56153e-05
-4.39098 4.01633e-05 3.94631e-05
-4.35088 4.52437e-05
-4.31078 5.09123e-05
-4.27068 5.72298e-05 5.62897e-05
-4.23058 6.42624e-05
-4.19048 7.20822e-05
-4.15038 8.0767e-05 7.95151e-05
-4.11028 9.04015e-05
-4.07018 0.000101077
-4.03008 0.000112892 0.000111238
-3.98997 0.000125954
-3.94987 0.000140377
-3.90977 0.000156284 0.000154115
-3.86967 0.000173808
-3.82957 0.00019309
-3.78947 0.000214282 0.000211459
-3.74937 0.000237546
-3.70927 0.000263054
-3.66917 0.000290989 0.000287342
-3.62907 0.000321547
-3.58897 0.000354934
-3.54887 0.00039137 0.000386691
-3.50877 0.000431084
-3.46867 0.000474321
-3.42857 0.000521337 0.000515377
-3.38847 0.0005724
-3.34837 0.000627794
-3.30827 0.000687813 0.000680273
-3.26817 0.000752764
-3.22807 0.000822968
-3.18797 0.000898758 0.000889285
-3.14787 0.000980479
-3.10777 0.00106849
-3.06767 0.00116315 0.00115133
-3.02757 0.00126485
-2.98747 0.00137397
-2.94737 0.00149091 0.00147626
-2.90727 0.00161607
-2.86717 0.00174987
-2.82707 0.00189273 0.0018747
-2.78697 0.00204506
-2.74687 0.00220728
-2.70677 0.00237983 0.00235779
-2.66667 0.00256313
-2.62657 0.0027576
-2.58647 0.00296365 0.00293689
-2.54637 0.0031817
-2.50627 0.00341214
-2.46617 0.00365536 0.00362311
-2.42607 0.00391174
-2.38596 0.00418162
-2.34586 0.00446536 0.00442677
-2.30576 0.00476325
-2.26566 0.00507558
-2.22556 0.00540262 0.0053568
-2.18546 0.0057446
-2.14536 0.00610169
-2.10526 0.00647406 0.00642005
-2.06516 0.00686182
-2.02506 0.00726503
-1.98496 0.00768373 0.00762057
-1.94486 0.00811787
-1.90476 0.00856739
-1.86466 0.00903215 0.00895889
-1.82456 0.00951194
-1.78446 0.0100065
-1.74436 0.0105156 0.0104313
-1.70426 0.0110388
-1.66416 0.0115756
-1.62406 0.0121256 0.0120294
-1.58396 0.0126881
-1.54386 0.0132625
-1.50376 0.0138482 0.0137396
-1.46366 0.0144443
-1.42356 0.01505
-1.38346 0.0156643 0.0155425
-1.34336 0.0162863
-1.30326 0.0169149
-1.26316 0.017549 0.0174139
-1.22306 0.0181875
-1.18296 0.0188291
-1.14286 0.0194725 0.0193238
-1.10276 0.0201164
-1.06266 0.0207594
-1.02256 0.0214001 0.0212381
-0.982456 0.022037
-0.942356 0.0226687
-0.902256 0.0232935 0.0231188
-0.862155 0.0239101
-0.822055 0.0245168
-0.781955 0.0251121 0.0249254
-0.741855 0.0256943
-0.701754 0.0262621
-0.661654 0.0268137 0.0266162
-0.621554 0.0273477
-0.581454 0.0278626
-0.541353 0.0283568 0.0281501
-0.501253 0.0288291
-0.461153 0.029278
-0.421053 0.0297021 0.0294879
-0.380952 0.0301002
-0.340852 0.0304711
-0.300752 0.0308137 0.0305941
-0.260652 0.0311269
-0.220551 0.0314098
-0.180451 0.0316614 0.0314385
-0.140351 0.031881
-0.100251 0.0320679
-0.0601504 0.0322214 0.0319977
-0.0200501 0.0323412
0.0200501 0.0324268
0.0601504 0.032478 0.0322557
0.100251 0.0324945
0.140351 0.0324764
0.180451 0.0324237 0.0322053
0.220551 0.0323366
0.260652 0.0322153
0.300752 0.0320602 0.0318479
0.340852 0.0318719
0.380952 0.0316509
0.421053 0.0313979 0.0311937
0.461153 0.0311138
0.501253 0.0307993
0.541353 0.0304556 0.0302613
0.581454 0.0300835
0.621554 0.0296844
0.661654 0.0292593 0.0290764
0.701754 0.0288095
0.741855 0.0283365
0.781955 0.0278415 0.0276713
0.822055 0.027326
0.862155 0.0267915
0.902256 0.0262394 0.0260826
0.942356 0.0256714
0.982456 0.0250888
1.02256 0.0244934 0.0243505
1.06266 0.0238866
1.10276 0.02327
1.14286 0.0226452 0.0225164
1.18296 0.0220137
1.22306 0.021377
1.26316 0.0207367 0.0206217
1.30326 0.020094
1.34336 0.0194506
1.38346 0.0188077 0.0187062
1.42356 0.0181667
1.46366 0.0175288
1.50376 0.0168953 0.0168066
1.54386 0.0162674
1.58396 0.0156461
1.62406 0.0150326 0.0149557
1.66416 0.0144277
1.70426 0.0138324
1.74436 0.0132476 0.0131817
1.78446 0.012674
1.82456 0.0121123
1.86466 0.0115632 0.0115071
1.90476 0.0110272
1.94486 0.0105049
1.98496 0.00999665 0.00994941
2.02506 0.00950288
2.06516 0.00902389
2.10526 0.00855992 0.00852042
2.14536 0.00811117
2.18546 0.00767776
2.22556 0.00725978 0.007227
2.26566 0.00685725
2.30576 0.00647015
2.34586 0.00609841 0.00607138
2.38596 0.00574191
2.42607 0.0054005
2.46617 0.00507399 0.00505184
2.50627 0.00476215
2.54637 0.00446472
2.58647 0.00418142 0.00416335
2.62657 0.00391193
2.66667 0.00365591
2.70677 0.00341302 0.00339835
2.74687 0.00318287
2.78697 0.00296509
2.82707 0.00275928 0.00274741
2.86717 0.00256502
2.90727 0.0023819
2.94737 0.00220951 0.00219994
2.98747 0.00204741
3.02757 0.00189519
3.06767 0.00175242 0.00174472
3.10777 0.00161869
3.14787 0.00149357
3.18797 0.00137666 0.00137048
3.22807 0.00126755
3.26817 0.00116585
3.30827 0.00107117 0.00106621
3.34837 0.000983136
3.38847 0.000901377
3.42857 0.00082554 0.000821572
3.46867 0.00075528
3.50877 0.000690266
3.54887 0.000630178 0.000627009
3.58897 0.000574711
3.62907 0.000523569
3.66917 0.000476471 0.000473945
3.70927 0.00043315
3.74937 0.00039335
3.78947 0.000356828 0.000354819
3.82957 0.000323353
3.86967 0.000292708
3.90977 0.000264685 0.000263094
3.94987 0.000239092
3.98997 0.000215744
4.03008 0.00019447 0.000193214
4.07018 0.000175107
4.11028 0.000157505
4.15038 0.000141522 0.000140536
4.19048 0.000127027
4.23058 0.000113895
4.27068 0.000102012 0.000101242
4.31078 9.12721e-05
4.35088 8.15764e-05
4.39098 7.28334e-05 7.2236e-05
4.43108 6.49584e-05
4.47118 5.78736e-05
4.51128 5.15068e-05 5.10466e-05
4.55138 4.57918e-05
4.59148 4.06678e-05
4.63158 3.6079e-05 3.57272e-05
4.67168 3.1974e-05
4.71178 2.8306e-05
4.75188 2.50323e-05 2.47656e-05
4.79198 2.21137e-05
4.83208 1.95148e-05
4.87218 1.7203e-05 1.70026e-05
4.91228 1.51491e-05
4.95238 1.33263e-05
4.99248 1.17103e-05 1.1561e-05
5.03258 1.02795e-05
5.07268 9.01389e-06
5.11278 7.89576e-06 7.78564e-06
5.15288 6.90901e-06
5.19298 6.03918e-06
5.23308 5.27328e-06 5.19284e-06
5.27318 4.59964e-06
5.31328 4.00781e-06
5.35338 3.48843e-06 3.43027e-06
5.39348 3.03315e-06
5.43358 2.63451e-06
5.47368 2.28583e-06 2.24421e-06
5.51378 1.98121e-06
5.55388 1.71537e-06
5.59398 1.48363e-06 1.45414e-06
5.63409 1.28184e-06
5.67419 1.10633e-06
5.71429 9.53835e-07 9.33173e-07
5.75439 8.21495e-07
5.79449 7.06768e-07
5.83459 6.07422e-07 5.93095e-07
5.87469 5.21489e-07
5.91479 4.47241e-07
5.95489 3.83159e-07 3.73331e-07
5.99499 3.27912e-07
6.03509 2.80335e-07
6.07519 2.39408e-07 2.32739e-07
6.11529 2.04241e-07
6.15539 1.74055e-07
6.19549 1.48175e-07 1.43697e-07
6.23559 1.26009e-07
6.27569 1.07046e-07
6.31579 9.08414e-08 8.78684e-08
6.35589 7.70084e-08
6.39599 6.5213e-08
6.43609 5.51661e-08 5.32132e-08
6.47619 4.66179e-08
6.51629 3.93528e-08
6.55639 3.31849e-08 3.19159e-08
6.59649 2.79542e-08
6.63659 2.35232e-08
6.67669 1.97738e-08 1.89581e-08
6.71679 1.66045e-08
6.75689 1.39284e-08
6.79699 1.16714e-08 1.11528e-08
6.83709 9.76981e-09
6.87719 8.16945e-09
6.91729 6.82405e-09 6.49779e-09
6.95739 5.69422e-09
6.99749 4.74646e-09
7.03759 3.95229e-09 3.74919e-09
7.07769 3.28754e-09
7.11779 2.73173e-09
7.15789 2.2675e-09 2.14227e-09
7.19799 1.88018e-09
7.2381 1.55739e-09
7.2782 1.28866e-09 1.21197e-09
7.3183 1.06518e-09
7.3584 8.7953e-10
7.3985 7.25476e-10 6.7843e-10
7.4386 5.97778e-10
7.4787 4.92041e-10
7.5188 4.04582e-10 3.74871e-10
7.5589 3.3232e-10
7.599 2.72679e-10
7.6391 2.23507e-10 2.02731e-10
7.6792 1.8301e-10
7.7193 1.49694e-10
7.7594 1.22315e-10 1.03913e-10
7.7995 9.98385e-11
7.8396 8.14072e-11
7.8797 6.63091e-11 4.36912e-11
7.9198 5.39546e-11
7.9599 4.38561e-11
8 3.56104e-11 0
