t=0.249566
-8 3.10411e-30 0
-7.9599 5.91156e-30
-7.9198 1.1222e-29
-7.8797 2.12347e-29 8.26411e-31
-7.8396 4.00521e-29
-7.7995 7.53025e-29
-7.7594 1.41123e-28 6.83999e-30
-7.7193 2.63629e-28
-7.6792 4.909e-28
-7.6391 9.11167e-28 5.37127e-29
-7.599 1.68581e-27
-7.5589 3.10902e-27
-7.5188 5.71536e-27 4.05541e-28
-7.4787 1.0473e-26
-7.4386 1.91293e-26
-7.3985 3.48286e-26 2.94568e-27
-7.3584 6.32088e-26
-7.3183 1.14347e-25
-7.2782 2.06194e-25 2.05925e-26
-7.2381 3.70625e-25
-7.19799 6.64045e-25
-7.15789 1.18595e-24 1.38604e-25
-7.11779 2.11125e-24
-7.07769 3.74644e-24
-7.03759 6.62681e-24 8.98579e-25
-6.99749 1.16841e-23
-6.95739 2.05348e-23
-6.91729 3.59744e-23 5.61314e-24
-6.87719 6.28204e-23
-6.83709 1.09349e-22
-6.79699 1.89729e-22 3.37972e-23
-6.75689 3.28139e-22
-6.71679 5.65703e-22
-6.67669 9.72131e-22 1.96213e-22
-6.63659 1.6652e-21
-6.59649 2.84325e-21
-6.55639 4.83916e-21 1.09874e-21
-6.51629 8.20975e-21
-6.47619 1.38834e-20
-6.43609 2.34028e-20 5.93633e-21
-6.39599 3.9323e-20
-6.35589 6.58614e-20
-6.31579 1.09957e-19 3.09551e-20
-6.27569 1.82986e-19
-6.23559 3.03544e-19
-6.19549 5.01916e-19 1.55836e-19
-6.15539 8.27268e-19
-6.11529 1.35915e-18
-6.07519 2.22585e-18 7.57617e-19
-6.03509 3.63355e-18
-5.99499 5.91252e-18
-5.95489 9.59004e-18 3.55794e-18
-5.91479 1.55051e-17
-5.87469 2.49882e-17
-5.83459 4.01424e-17 1.61448e-17
-5.79449 6.42802e-17
-5.75439 1.02602e-16
-5.71429 1.63247e-16 7.08048e-17
-5.67419 2.58905e-16
-5.63409 4.09299e-16
-5.59398 6.44984e-16 3.00192e-16
-5.55388 1.01313e-15
-5.51378 1.5863e-15
-5.47368 2.4758e-15 1.23069e-15
-5.43358 3.85169e-15
-5.39348 5.97303e-15
-5.35338 9.23304e-15 4.87992e-15
-5.31328 1.42266e-14
-5.27318 2.18508e-14
-5.23308 3.34533e-14 1.87193e-14
-5.19298 5.10527e-14
-5.15288 7.76615e-14
-5.11278 1.17761e-13 6.94822e-14
-5.07268 1.77993e-13
-5.03258 2.68171e-13
-4.99248 4.02743e-13 2.49608e-13
-4.95238 6.0291e-13
-4.91228 8.99674e-13
-4.87218 1.33821e-12 8.68024e-13
-4.83208 1.98414e-12
-4.79198 2.93244e-12
-4.75188 4.32009e-12 2.92267e-12
-4.71178 6.34402e-12
-4.67168 9.28634e-12
-4.63158 1.35498e-11 9.52987e-12
-4.59148 1.97074e-11
-4.55138 2.85715e-11
-4.51128 4.129e-11 3.00976e-11
-4.47118 5.94793e-11
-4.43108 8.54074e-11
-4.39098 1.22246e-10 9.20855e-11
-4.35088 1.74413e-10
-4.31078 2.48047e-10
-4.27068 3.5164e-10 2.72986e-10
-4.23058 4.96902e-10
-4.19048 6.99925e-10
-4.15038 9.82746e-10 7.84248e-10
-4.11028 1.37544e-09
-4.07018 1.91888e-09
-4.03008 2.66849e-09 2.18372e-09
-3.98997 3.69906e-09
-3.94987 5.11124e-09
-3.90977 7.03997e-09 5.8944e-09
-3.86967 9.66551e-09
-3.82957 1.32278e-08
-3.78947 1.80452e-08 1.54257e-08
-3.74937 2.45382e-08
-3.70927 3.3261e-08
-3.66917 4.49405e-08 3.9145e-08
-3.62907 6.0527e-08
-3.58897 8.12588e-08
-3.54887 1.08743e-07 9.63371e-08
-3.50877 1.45059e-07
-3.46867 1.92884e-07
-3.42857 2.55657e-07 2.29961e-07
-3.38847 3.37777e-07
-3.34837 4.44848e-07
-3.30827 5.8399e-07 5.32492e-07
-3.26817 7.64203e-07
-3.22807 9.96835e-07
-3.18797 1.29613e-06 1.19626e-06
-3.14787 1.6799e-06
-3.10777 2.17036e-06
-3.06767 2.79505e-06 2.6076e-06
-3.02757 3.58805e-06
-2.98747 4.59133e-06
-2.94737 5.8564e-06 5.51583e-06
-2.90727 7.44618e-06
-2.86717 9.43731e-06
-2.82707 1.19227e-05 1.13235e-05
-2.78697 1.50146e-05
-2.74687 1.88479e-05
-2.70677 2.35844e-05 2.2563e-05
-2.66667 2.9417e-05
-2.62657 3.6575e-05
-2.58647 4.53298e-05 4.36419e-05
-2.54637 5.60008e-05
-2.50627 6.89633e-05
-2.46617 8.46553e-05 8.19487e-05
-2.42607 0.000103586
-2.38596 0.000126347
-2.34586 0.000153617 0.0001494
-2.30576 0.000186178
-2.26566 0.00022492
-2.22556 0.000270859 0.000264467
-2.18546 0.000325141
-2.14536 0.000389058
-2.10526 0.000464055 0.000454609
-2.06516 0.000551746
-2.02506 0.000653918
-1.98496 0.000772541 0.000758903
-1.94486 0.000909775
-1.90476 0.00106797
-1.86466 0.00124969 0.00123041
-1.82456 0.00145767
-1.78446 0.00169485
-1.74436 0.00196434 0.00193757
-1.70426 0.00226944
-1.66416 0.00261359
-1.62406 0.00300034 0.00296374
-1.58396 0.00343336
-1.54386 0.00391637
-1.50376 0.00445313 0.00440382
-1.46366 0.00504734
-1.42356 0.00570265
-1.38346 0.00642254 0.00635696
-1.34336 0.00721032
-1.30326 0.00806899
-1.26316 0.00900121 0.00891512
-1.22306 0.0100092
-1.18296 0.0110948
-1.14286 0.0122589 0.0121475
-1.10276 0.0135022
-1.06266 0.0148244
-1.02256 0.0162243 0.0160823
-0.982456 0.0177001
-0.942356 0.0192488
-0.902256 0.0208665 0.0206887
-0.862155 0.0225484
-0.822055 0.0242885
-0.781955 0.0260799 0.0258622
-0.741855 0.0279147
-0.701754 0.0297837
-0.661654 0.0316771 0.0314168
-0.621554 0.033584
-0.581454 0.0354929
-0.541353 0.0373914 0.0370884
-0.501253 0.0392666
-0.461153 0.0411053
-0.421053 0.0428937 0.0425512
-0.380952 0.0446182
-0.340852 0.0462651
-0.300752 0.047821 0.0474459
-0.260652 0.0492728
-0.220551 0.050608
-0.180451 0.0518149 0.0514176
-0.140351 0.0528829
-0.100251 0.0538023
-0.0601504 0.0545646 0.0541582
-0.0200501 0.0551628
0.0200501 0.0555915
0.0601504 0.0558465 0.0554457
0.100251 0.0559255
0.140351 0.0558279
0.180451 0.0555546 0.0551739
0.220551 0.0551082
0.260652 0.054493
0.300752 0.0537147 0.0533669
0.340852 0.0527807
0.380952 0.0516995
0.421053 0.0504809 0.0501755
0.461153 0.0491358
0.501253 0.0476761
0.541353 0.0461141 0.0458566
0.581454 0.044463
0.621554 0.0427362
0.661654 0.0409473 0.0407389
0.701754 0.03911
0.741855 0.0372379
0.781955 0.035344 0.0351822
0.822055 0.0334412
0.862155 0.0315415
0.902256 0.0296565 0.0295357
0.942356 0.0277967
0.982456 0.0259719
1.02256 0.024191 0.0241041
1.06266 0.0224616
1.10276 0.0207906
1.14286 0.0191837 0.0191231
1.18296 0.0176457
1.22306 0.0161803
1.26316 0.0147903 0.0147488
1.30326 0.0134775
1.34336 0.0122429
1.38346 0.0110868 0.0110584
1.42356 0.0100085
1.46366 0.00900701
1.50376 0.0080805 0.00806064
1.54386 0.00722676
1.58396 0.00644313
1.62406 0.00572664 0.00571211
1.66416 0.00507404
1.70426 0.00448186
1.74436 0.00394653 0.00393532
1.78446 0.00346438
1.82456 0.00303173
1.86466 0.00264491 0.0026359
1.90476 0.00230032
1.94486 0.00199445
1.98496 0.00172392 0.00171653
2.02506 0.00148549
2.06516 0.0012761
2.10526 0.00109286 0.00108683
2.14536 0.000933052
2.18546 0.00079417
2.22556 0.000673889 0.000669066
2.26566 0.000570074
2.30576 0.000480777
2.34586 0.000404229 0.000400488
2.38596 0.000338832
2.42607 0.00028315
2.46617 0.000235898 0.0002331
2.50627 0.000195935
2.54637 0.000162247
2.58647 0.000133945 0.000131931
2.62657 0.000110245
2.66667 9.04638e-05
2.70677 7.40083e-05 7.26161e-05
2.74687 6.03637e-05
2.78697 4.90866e-05
2.82707 3.97965e-05 3.88712e-05
2.86717 3.2168e-05
2.90727 2.5924e-05
2.94737 2.08297e-05 2.0238e-05
2.98747 1.66866e-05
3.02757 1.33278e-05
3.06767 1.06135e-05 1.02494e-05
3.10777 8.42703e-06
3.14787 6.67122e-06
3.18797 5.26568e-06 5.04974e-06
3.22807 4.14406e-06
3.26817 3.2518e-06
3.30827 2.54419e-06 2.4207e-06
3.34837 1.98476e-06
3.38847 1.54385e-06
3.42857 1.1974e-06 1.12924e-06
3.46867 9.2602e-07
3.50877 7.14083e-07
3.54887 5.49073e-07 5.12735e-07
3.58897 4.20987e-07
3.62907 3.21862e-07
3.66917 2.45379e-07 2.26651e-07
3.70927 1.86542e-07
3.74937 1.41414e-07
3.78947 1.06904e-07 9.75664e-08
3.82957 8.05899e-08
3.86967 6.05846e-08
3.90977 4.54197e-08 4.09128e-08
3.94987 3.39573e-08
3.98997 2.53183e-08
4.03008 1.88259e-08 1.67185e-08
4.07018 1.39606e-08
4.11028 1.0325e-08
4.15038 7.61577e-09 6.66044e-09
4.19048 5.6026e-09
4.23058 4.11078e-09
4.27068 3.00833e-09 2.58821e-09
4.31078 2.19585e-09
4.35088 1.5987e-09
4.39098 1.16098e-09 9.81617e-10
4.43108 8.40986e-10
4.47118 6.07671e-10
4.51128 4.38001e-10 3.63605e-10
4.55138 3.14934e-10
4.59148 2.25898e-10
4.63158 1.61647e-10 1.31645e-10
4.67168 1.15398e-10
4.71178 8.21896e-11
4.75188 5.84031e-11 4.66292e-11
4.79198 4.14066e-11
4.83208 2.92909e-11
4.87218 2.06748e-11 1.61746e-11
4.91228 1.45616e-11
4.95238 1.02342e-11
4.99248 7.1778e-12 5.50088e-12
5.03258 5.02387e-12
5.07268 3.50924e-12
5.11278 2.44643e-12 1.83659e-12
5.15288 1.70223e-12
5.19298 1.18218e-12
5.23308 8.19511e-13 6.02811e-13
5.27318 5.67085e-13
5.31328 3.91728e-13
5.35338 2.70138e-13 1.94806e-13
5.39348 1.85983e-13
5.43358 1.2784e-13
5.47368 8.77388e-14 6.20839e-14
5.51378 6.01268e-14
5.55388 4.11453e-14
5.59398 2.8117e-14 1.95451e-14
5.63409 1.91885e-14
5.67419 1.30784e-14
5.71429 8.90307e-15 6.0886e-15
5.75439 6.05362e-15
5.79449 4.11155e-15
5.83459 2.78955e-15 1.87995e-15
5.87469 1.8907e-15
5.91479 1.28026e-15
5.95489 8.66124e-16 5.76264e-16
5.99499 5.85453e-16
6.03509 3.95417e-16
6.07519 2.66865e-16 1.75625e-16
6.11529 1.79979e-16
6.15539 1.21302e-16
6.19549 8.17051e-17 5.32857e-17
6.23559 5.50026e-17
6.27569 3.70075e-17
6.31579 2.48877e-17 1.61134e-17
6.35589 1.67297e-17
6.39599 1.12412e-17
6.43609 7.55052e-18 4.86091e-18
6.47619 5.06982e-18
6.51629 3.4031e-18
6.55639 2.28368e-18 1.46393e-18
6.59649 1.5321e-18
6.63659 1.02763e-18
6.67669 6.89132e-19 4.40387e-19
6.71679 4.62049e-19
6.75689 3.09744e-19
6.79699 2.07614e-19 1.32383e-19
6.83709 1.3914e-19
6.87719 9.324e-20
6.91729 6.24754e-20 3.97772e-20
6.95739 4.18579e-20
6.99749 2.80423e-20
7.03759 1.87855e-20 1.19486e-20
7.07769 1.25836e-20
7.11779 8.42886e-21
7.15789 5.64564e-21 3.58869e-21
7.19799 3.78131e-21
7.2381 2.53255e-21
7.2782 1.69614e-21 1.07774e-21
7.3183 1.13594e-21
7.3584 7.60751e-22
7.3985 5.09474e-22 3.23648e-22
7.4386 3.4119e-22
7.4787 2.28489e-22
7.5188 1.53013e-22 9.71843e-23
7.5589 1.02469e-22
7.599 6.86199e-23
7.6391 4.59522e-23 2.91643e-23
7.6792 3.07724e-23
7.7193 2.0607e-23
7.7594 1.37996e-23 8.69292e-24
7.7995 9.24097e-24
7.8396 6.18825e-24
7.8797 4.14397e-24 2.39448e-24
7.9198 2.77502e-24
7.9599 1.85829e-24
8 1.24441e-24 0
