-2.000000000000000e+00 -1.396556873309058e+00 -1.466662220112625e+00 -2.949561640776408e+00
-2.041392685158225e+00 -1.441488925873900e+00 -1.505059879023021e+00 -3.034710731536345e+00
-2.082785370316450e+00 -1.486222460192689e+00 -1.544001338199103e+00 -3.123050132333148e+00
-2.124178055474675e+00 -1.531183809281910e+00 -1.582480340440130e+00 -3.208434246665526e+00
-2.165570740632900e+00 -1.574546604298648e+00 -1.622258862871419e+00 -3.296886911318209e+00
-2.206963425791125e+00 -1.618589100106156e+00 -1.661342174753715e+00 -3.383608997336358e+00
-2.248356110949350e+00 -1.662542831595603e+00 -1.700593843115291e+00 -3.472075239071247e+00
-2.289748796107575e+00 -1.706010901550514e+00 -1.740246139817833e+00 -3.560844571532148e+00
-2.331141481265801e+00 -1.749073955469737e+00 -1.780085553241837e+00 -3.649649887472281e+00
-2.372534166424026e+00 -1.792084071587905e+00 -1.820066674250140e+00 -3.739558657925389e+00
-2.413926851582251e+00 -1.834710184596380e+00 -1.860236304238229e+00 -3.830285163029142e+00
-2.455319536740476e+00 -1.877317776878742e+00 -1.900554194427524e+00 -3.921172520328497e+00
-2.496712221898701e+00 -1.920080392028283e+00 -1.940669268198232e+00 -4.012873345960452e+00
-2.538104907056926e+00 -1.962413094968799e+00 -1.981202999846739e+00 -4.105487503089571e+00
-2.579497592215151e+00 -2.004852952977202e+00 -2.021615557011188e+00 -4.199007043880202e+00
-2.620890277373376e+00 -2.047172053280117e+00 -2.062152551166797e+00 -4.293456873154447e+00
-2.662282962531601e+00 -2.089339802079023e+00 -2.102810279604201e+00 -4.388878154281055e+00
-2.703675647689826e+00 -2.131429250263902e+00 -2.143532967419661e+00 -4.485318165599677e+00
-2.745068332848051e+00 -2.173561525750802e+00 -2.184255937107248e+00 -4.582824193040643e+00
-2.786461018006277e+00 -2.215508837095757e+00 -2.225075385993311e+00 -4.681439986392747e+00
-2.827853703164501e+00 -2.257455055586660e+00 -2.265948692262755e+00 -4.781203857987968e+00
-2.869246388322726e+00 -2.299341145430005e+00 -2.306891125160641e+00 -4.882047244042754e+00
-2.910639073480952e+00 -2.341190887983454e+00 -2.347832871395652e+00 -4.984054500074740e+00
-2.952031758639177e+00 -2.382997081394874e+00 -2.388836096787285e+00 -5.087267436624053e+00
-2.993424443797402e+00 -2.424741511125392e+00 -2.429879100553464e+00 -5.191696592980258e+00
-3.034817128955627e+00 -2.466474358398650e+00 -2.470948587102836e+00 -5.297348405542650e+00
-3.076209814113852e+00 -2.508176094245639e+00 -2.512034552019973e+00 -5.404148746701691e+00
-3.117602499272077e+00 -2.549846255196745e+00 -2.553158245604381e+00 -5.486839370240685e+00
-3.158995184430302e+00 -2.591493598015713e+00 -2.594312902974019e+00 -5.549621936412666e+00
-3.200387869588527e+00 -2.633113775147817e+00 -2.635477159213583e+00 -5.618033806326597e+00
-3.241780554746752e+00 -2.674716103183737e+00 -2.676667496267557e+00 -5.691556716115979e+00
-3.283173239904977e+00 -2.716302692595398e+00 -2.717879437415991e+00 -5.769720204840027e+00
-3.324565925063202e+00 -2.758400338373920e+00 -2.759862166584235e+00 -5.852097255379205e+00
-3.365958610221427e+00 -2.803802953548924e+00 -2.805292303562546e+00 -5.938300311624141e+00
-3.407351295379653e+00 -2.852616589726269e+00 -2.854103150419889e+00 -6.027977639997826e+00
-3.448743980537877e+00 -2.904529418040380e+00 -2.905990449257561e+00 -6.120810016783532e+00
-3.490136665696103e+00 -2.959258146950784e+00 -2.960676959222598e+00 -6.216507719992809e+00
-3.531529350854328e+00 -3.016545423068617e+00 -3.017910138693980e+00 -6.314807784363606e+00
-3.572922036012553e+00 -3.076157462136052e+00 -3.077460007617878e+00 -6.415471521398677e+00
-3.614314721170778e+00 -3.137881892045858e+00 -3.139117180512711e+00 -6.518282258322770e+00
-3.655707406329003e+00 -3.201525790499486e+00 -3.202691059959802e+00 -6.623043301495675e+00
-3.697100091487228e+00 -3.266913900852914e+00 -3.268008180078030e+00 -6.729576073690651e+00
-3.738492776645453e+00 -3.333887010713443e+00 -3.334910689532276e+00 -6.837718427873472e+00
-3.779885461803678e+00 -3.402300478952250e+00 -3.403254963828481e+00 -6.947323134591811e+00
-3.821278146961903e+00 -3.472022897881489e+00 -3.472910337031000e+00 -7.058256500567586e+00
-3.862670832120128e+00 -3.542934878407624e+00 -3.543757943514786e+00 -7.170397092038499e+00
-3.904063517278353e+00 -3.614927946955121e+00 -3.615689660907166e+00 -7.283634652242790e+00
-3.945456202436578e+00 -3.687903543990224e+00 -3.688607145856031e+00 -7.397868978732095e+00
-3.986848887594804e+00 -3.761772114745245e+00 -3.762420954949427e+00 -7.513009122361223e+00
-4.028241572753029e+00 -3.836452283737517e+00 -3.837049743498310e+00 -7.628972399725396e+00
-4.069634257911254e+00 -3.911870105262929e+00 -3.912419535607427e+00 -7.745683743599137e+00
-4.111026943069478e+00 -3.987958382922395e+00 -3.988463059314550e+00 -7.863074914385344e+00
-4.152419628227704e+00 -4.064656051733774e+00 -4.065119141194936e+00 -7.981083929604224e+00
-4.193812313385929e+00 -4.141907617083454e+00 -4.142332155197624e+00 -8.099654515122300e+00
-4.235204998544154e+00 -4.219662645250717e+00 -4.220051520942127e+00 -8.218735440359890e+00
-4.276597683702379e+00 -4.297875300709790e+00 -4.298231247146077e+00 -8.338280254683086e+00
-4.317990368860604e+00 -4.376503925926973e+00 -4.376829516128348e+00 -8.458246661697505e+00
-4.359383054018829e+00 -4.455510659701196e+00 -4.455808305767419e+00 -8.578596302293523e+00
-4.400775739177054e+00 -4.534861090503281e+00 -4.535133045567503e+00 -8.699294269200520e+00
-4.442168424335279e+00 -4.614523941563212e+00 -4.614772303798472e+00 -8.820308840539461e+00
-4.483561109493504e+00 -4.694470784832907e+00 -4.694697502847247e+00 -8.941611159267916e+00
-4.524953794651729e+00 -4.774675781079614e+00 -4.774882660405311e+00 -9.063175119815526e+00
-4.566346479809955e+00 -4.855115443822500e+00 -4.855304153970562e+00 -9.184976706698588e+00
-4.607739164968179e+00 -4.935768424768579e+00 -4.935940506765925e+00 -9.306994748151014e+00
-4.649131850126405e+00 -5.016615318973614e+00 -5.016772192938097e+00 -9.429209001061734e+00
-4.690524535284630e+00 -5.097638487680678e+00 -5.097781460520282e+00 -9.551601810598783e+00
-4.731917220442854e+00 -5.178821897419010e+00 -5.178952170372238e+00 -9.674157113789098e+00
-4.773309905601080e+00 -5.260150973765829e+00 -5.260269649724622e+00 -9.796860199256006e+00
-4.814702590759305e+00 -5.341612468489244e+00 -5.341720559005251e+00 -9.919696902517426e+00
-4.856095275917530e+00 -5.423194338692015e+00 -5.423292770821526e+00 -1.004265608762343e+01
-4.897487961075755e+00 -5.504885637167853e+00 -5.504975259778122e+00 -1.016572590914403e+01
-4.938880646233980e+00 -5.586676412575270e+00 -5.586758002427595e+00 -1.028889679042642e+01
-4.980273331392205e+00 -5.668557618809398e+00 -5.668631886253504e+00 -1.041215899627694e+01
-5.021666016550430e+00 -5.750521032623253e+00 -5.750588626873576e+00 -1.053550492820796e+01
-5.063058701708655e+00 -5.832559178754505e+00 -5.832620692808664e+00 -1.065892475885551e+01
-5.104451386866880e+00 -5.914665261730353e+00 -5.914721237182003e+00 -1.078241663975347e+01
-5.145844072025105e+00 -5.996833104261887e+00 -5.996884035267461e+00 -1.090596870664078e+01
-5.187236757183331e+00 -6.079057090771314e+00 -6.079103428214884e+00 -1.102957661690282e+01
-5.228629442341555e+00 -6.161332116378765e+00 -6.161374271484301e+00 -1.115323441071536e+01
-5.270022127499780e+00 -6.243653540380293e+00 -6.243691888208981e+00 -1.127694504073983e+01
-5.311414812658006e+00 -6.326017144214991e+00 -6.326052026492410e+00 -1.140069404395528e+01
-5.352807497816230e+00 -6.408419092771799e+00 -6.408450821069448e+00 -1.152448925583925e+01
-5.394200182974456e+00 -6.490855899907315e+00 -6.490884757808490e+00 -1.164830718509825e+01
-5.435592868132681e+00 -6.573324396085228e+00 -6.573350642355718e+00 -1.177218002214446e+01
-5.476985553290906e+00 -6.655821700508783e+00 -6.655845570224300e+00 -1.189604868622623e+01
-5.518378238449131e+00 -6.738345193869673e+00 -6.738366901379611e+00 -1.201994300241103e+01
-5.559770923607356e+00 -6.820892494879241e+00 -6.820912235870948e+00 -1.214390999455330e+01
-5.601163608765582e+00 -6.903461439554978e+00 -6.903479391167342e+00 -1.226784879362490e+01
-5.642556293923806e+00 -6.986050059934833e+00 -6.986066383892078e+00 -1.239180544209302e+01
-5.683948979082031e+00 -7.068656566952328e+00 -7.068671410871080e+00 -1.251583858112184e+01
-5.725341664240257e+00 -7.151279334516902e+00 -7.151292832675263e+00 -1.263994994687704e+01
-5.766734349398481e+00 -7.233916884739014e+00 -7.233929158499852e+00 -1.276400641175684e+01
-5.808127034556707e+00 -7.316567874127965e+00 -7.316579032930830e+00 -1.288782866175129e+01
-5.849519719714932e+00 -7.399231078947317e+00 -7.399241226356973e+00 -1.301215538726957e+01
-5.890912404873156e+00 -7.481905390394764e+00 -7.481914617097272e+00 -1.313628395939038e+01
-5.932305090031382e+00 -7.564589798004799e+00 -7.564598187961953e+00 -1.326058131343160e+01
-5.973697775189607e+00 -7.647283385802043e+00 -7.647291011656557e+00 -1.338401946886749e+01
-6.015090460347832e+00 -7.729985315210567e+00 -7.729992250969268e+00 -1.350880318985938e+01
-6.056483145506057e+00 -7.812694831937526e+00 -7.812701136818355e+00 -1.363257248228984e+01
-6.097875830664282e+00 -7.895411243370171e+00 -7.895416976918421e+00 -1.375715844154420e+01
-6.139268515822507e+00 -7.978133924855855e+00 -7.978139137006119e+00 -1.388100744449312e+01
-6.180661200980732e+00 -8.060862305064804e+00 -8.060867043687677e+00 -1.400509493860782e+01
-6.222053886138958e+00 -8.143595865829742e+00 -8.143600174580481e+00 -1.412954165388874e+01
-6.263446571297182e+00 -8.226334140934679e+00 -8.226338050327502e+00 -1.424950485782397e+01
-6.304839256455407e+00 -8.309076694881291e+00 -8.309080246304518e+00 -1.437202486375119e+01
-6.346231941613633e+00 -8.391823133238679e+00 -8.391826375115386e+00 -1.450463854737645e+01
-6.387624626771857e+00 -8.474573122788508e+00 -8.474576059593636e+00 -1.462132359444469e+01
-6.429017311930083e+00 -8.557326327774867e+00 -8.557328989112429e+00 -1.473893465393480e+01
-6.470409997088308e+00 -8.640082436996250e+00 -8.640084887700676e+00 -1.488235567395810e+01
-6.511802682246532e+00 -8.722841220899605e+00 -8.722843451032848e+00 -1.501623229468949e+01
-6.553195367404758e+00 -8.805602434777716e+00 -8.805604438339193e+00 -1.511497916852932e+01
-6.594588052562983e+00 -8.888365834642244e+00 -8.888367652253921e+00 -1.523499632286758e+01
-6.635980737721209e+00 -8.971131243888532e+00 -8.971132868446130e+00 -1.532655025242014e+01
-6.677373422879433e+00 -9.053898459310700e+00 -9.053899924992189e+00 -1.543693776848687e+01
-6.718766108037658e+00 -9.136667280049119e+00 -9.136668691802152e+00 -1.556729729279270e+01
-6.760158793195884e+00 -9.219437695435191e+00 -9.219438877978797e+00 -1.564515923250059e+01
-6.801551478354108e+00 -9.302209407156075e+00 -9.302210507865563e+00 -1.579374857580243e+01
-6.842944163512334e+00 -9.384982320735183e+00 -9.384983426158019e+00 -1.595142049452165e+01
-6.884336848670559e+00 -9.467756411911450e+00 -9.467757431334947e+00 -1.588734014637902e+01
-6.925729533828783e+00 -9.550531564216927e+00 -9.550532433996187e+00 -1.607126665054186e+01
-6.967122218987009e+00 -9.633307677406982e+00 -9.633308347237580e+00 -1.604935798744687e+01
-7.008514904145234e+00 -9.716084504862501e+00 -9.716085248975176e+00 -1.616727599667774e+01
-7.049907589303459e+00 -9.798862179266251e+00 -9.798862848202695e+00 -1.619569708903384e+01
-7.091300274461684e+00 -9.881640574761567e+00 -9.881641131302493e+00 -1.621689562457975e+01
-7.132692959619909e+00 -9.964419727611551e+00 -9.964419938233512e+00 -1.619422177727318e+01
-7.174085644778134e+00 -1.004719933514906e+01 -1.004719945404367e+01 -1.622108608965501e+01
-7.215478329936359e+00 -1.012997932606086e+01 -1.012997963855305e+01 -1.622581207941781e+01
-7.256871015094585e+00 -1.021275974163168e+01 -1.021276035750363e+01 -1.625434927889752e+01
-7.298263700252809e+00 -1.029554083752307e+01 -1.029554127469170e+01 -1.625055996708558e+01
-7.339656385411034e+00 -1.037832207442900e+01 -1.037832283687039e+01 -1.625547400054625e+01
-7.381049070569260e+00 -1.046110471363402e+01 -1.046110372641916e+01 -1.627083322598906e+01
-7.422441755727484e+00 -1.054388639275523e+01 -1.054388623090495e+01 -1.627099797068924e+01
-7.463834440885710e+00 -1.062666885706526e+01 -1.062666854138319e+01 -1.626047107731478e+01
-7.505227126043935e+00 -1.070945050184215e+01 -1.070945221273110e+01 -1.626135654411330e+01
-7.546619811202160e+00 -1.079223433667995e+01 -1.079223418821181e+01 -1.625881233952074e+01
-7.588012496360385e+00 -1.087501836831354e+01 -1.087501643193781e+01 -1.625687404202734e+01
-7.629405181518610e+00 -1.095779969675669e+01 -1.095780177432319e+01 -1.625556675462735e+01
-7.670797866676835e+00 -1.104058437095706e+01 -1.104058413378971e+01 -1.627147883332727e+01
-7.712190551835060e+00 -1.112337044202626e+01 -1.112336543879345e+01 -1.625690727317014e+01
-7.753583236993285e+00 -1.120615254778639e+01 -1.120615099942483e+01 -1.625644226840336e+01
-7.794975922151511e+00 -1.128893961282945e+01 -1.128893191557628e+01 -1.625564627389551e+01
-7.836368607309735e+00 -1.137172327621801e+01 -1.137171645772920e+01 -1.625855873689636e+01
-7.877761292467961e+00 -1.145450471834943e+01 -1.145450346334424e+01 -1.625626967907699e+01
-7.919153977626186e+00 -1.153728781877688e+01 -1.153728898950741e+01 -1.625733285652745e+01
-7.960546662784410e+00 -1.162007151553724e+01 -1.162007414808314e+01 -1.625637587977613e+01
-8.001939347942637e+00 -1.170284982289347e+01 -1.170286482406797e+01 -1.625732287714331e+01
-8.043332033100860e+00 -1.178564410610032e+01 -1.178563974879685e+01 -1.625636260326842e+01
-8.084724718259086e+00 -1.186842205079307e+01 -1.186843111732877e+01 -1.626045767502553e+01
-8.126117403417311e+00 -1.195122398875978e+01 -1.195119864366167e+01 -1.625629622681720e+01
-8.167510088575536e+00 -1.203401245739483e+01 -1.203397971725444e+01 -1.627508851352544e+01
-8.208902773733762e+00 -1.211679314790800e+01 -1.211676870181003e+01 -1.625580535612510e+01
-8.250295458891987e+00 -1.219958703463319e+01 -1.219954454454750e+01 -1.625591310114548e+01
-8.291688144050211e+00 -1.228231790881318e+01 -1.228238352248478e+01 -1.625749255786786e+01
-8.333080829208436e+00 -1.236513775911781e+01 -1.236513358918413e+01 -1.625733036165992e+01
-8.374473514366661e+00 -1.244791934888030e+01 -1.244792209972127e+01 -1.625842532128893e+01
-8.415866199524887e+00 -1.253072916370172e+01 -1.253068227484276e+01 -1.626685718103250e+01
-8.457258884683112e+00 -1.261348015618372e+01 -1.261350149921637e+01 -1.626451562702008e+01
-8.498651569841337e+00 -1.269615872184603e+01 -1.269639310320541e+01 -1.626523489174779e+01
-8.540044254999561e+00 -1.277917687917268e+01 -1.277894510920762e+01 -1.626017297411136e+01
-8.581436940157786e+00 -1.286180088224162e+01 -1.286189148486806e+01 -1.625874558762901e+01
-8.622829625316012e+00 -1.294463471273656e+01 -1.294462800299606e+01 -1.626075597378115e+01
-8.664222310474237e+00 -1.302751844099576e+01 -1.302731447621769e+01 -1.626207227306002e+01
-8.705614995632462e+00 -1.311012649295150e+01 -1.311027699693957e+01 -1.626578805452975e+01
-8.747007680790688e+00 -1.319307449741574e+01 -1.319289928908252e+01 -1.625579872653532e+01
-8.788400365948911e+00 -1.327535441947928e+01 -1.327619041909530e+01 -1.625883236708910e+01
-8.829793051107137e+00 -1.335824020603746e+01 -1.335887496917735e+01 -1.626261910471199e+01
-8.871185736265362e+00 -1.344105823695297e+01 -1.344162729075338e+01 -1.626077441469772e+01
-8.912578421423587e+00 -1.352434140970110e+01 -1.352391466597921e+01 -1.626219335794512e+01
-8.953971106581813e+00 -1.360758190740832e+01 -1.360624545268315e+01 -1.626083980243946e+01
-8.995363791740038e+00 -1.368991071814019e+01 -1.368948606212336e+01 -1.625877979669184e+01
-9.036756476898264e+00 -1.377190878608563e+01 -1.377305971725065e+01 -1.627167046802148e+01
-9.078149162056487e+00 -1.385415285030530e+01 -1.385638826564948e+01 -1.625652983392474e+01
-9.119541847214713e+00 -1.393762457607181e+01 -1.393848438614384e+01 -1.625741748260558e+01
-9.160934532372938e+00 -1.402280062922442e+01 -1.401888755507457e+01 -1.625654602095456e+01
-9.202327217531163e+00 -1.410148352725640e+01 -1.410577701801770e+01 -1.625907777978479e+01
-9.243719902689389e+00 -1.418864194493836e+01 -1.418418979600363e+01 -1.625901432647609e+01
-9.285112587847614e+00 -1.426536075856805e+01 -1.427150197968312e+01 -1.626038355108293e+01
-9.326505273005838e+00 -1.435310310680054e+01 -1.435086128255184e+01 -1.626082408333346e+01
-9.367897958164063e+00 -1.443566819687528e+01 -1.443230322313744e+01 -1.626188545654814e+01
-9.409290643322288e+00 -1.452310269128287e+01 -1.451207075640755e+01 -1.626312300936405e+01
-9.450683328480514e+00 -1.460852954481966e+01 -1.459229580129400e+01 -1.626882101281560e+01
-9.492076013638739e+00 -1.468078995134116e+01 -1.467683762220382e+01 -1.625600719269821e+01
-9.533468698796964e+00 -1.476946875144301e+01 -1.475284460183799e+01 -1.626441079848310e+01
-9.574861383955188e+00 -1.483796448679476e+01 -1.483359472006460e+01 -1.625635264615399e+01
-9.616254069113413e+00 -1.492828595559351e+01 -1.493298237491127e+01 -1.626544348970618e+01
-9.657646754271639e+00 -1.499564372152036e+01 -1.500968963100534e+01 -1.627261440631991e+01
-9.699039439429864e+00 -1.507211402843306e+01 -1.507614988945324e+01 -1.626075932661683e+01
-9.740432124588089e+00 -1.515470221601540e+01 -1.515406090204848e+01 -1.625616682190901e+01
-9.781824809746315e+00 -1.523068121072779e+01 -1.523938829328323e+01 -1.625779132375506e+01
-9.823217494904538e+00 -1.531397719302646e+01 -1.530849352897533e+01 -1.625727228207572e+01
-9.864610180062764e+00 -1.539453996216415e+01 -1.540362449531892e+01 -1.625575460090690e+01
-9.906002865220989e+00 -1.545309641821422e+01 -1.545623857651089e+01 -1.625575211508940e+01
-9.947395550379214e+00 -1.554623686129022e+01 -1.556765721017672e+01 -1.626019667462027e+01
-9.988788235537440e+00 -1.558373360318293e+01 -1.560091671019964e+01 -1.625671809731958e+01
-1.003018092069567e+01 -1.569455566415188e+01 -1.566588605152316e+01 -1.626110753376920e+01
-1.007157360585389e+01 -1.572454198024671e+01 -1.570968738320079e+01 -1.625681963152139e+01
-1.011296629101211e+01 -1.581517323991929e+01 -1.579049534317360e+01 -1.625666567841916e+01
-1.015435897617034e+01 -1.586718022864156e+01 -1.584857868955651e+01 -1.625990409270221e+01
-1.019575166132856e+01 -1.589353818799409e+01 -1.590447927383380e+01 -1.626152174694445e+01
-1.023714434648679e+01 -1.594243925426155e+01 -1.595808379382224e+01 -1.626089440455472e+01
-1.027853703164502e+01 -1.597624516057689e+01 -1.598133578322307e+01 -1.625651867975211e+01
-1.031992971680324e+01 -1.604202481948643e+01 -1.601049191278647e+01 -1.625651893914822e+01
-1.036132240196146e+01 -1.604229451266201e+01 -1.603331200040074e+01 -1.625573212549096e+01
-1.040271508711969e+01 -1.612087733988974e+01 -1.611519745301785e+01 -1.625759520945680e+01
-1.044410777227792e+01 -1.612588093057949e+01 -1.613358950912416e+01 -1.626803587917061e+01
-1.048550045743614e+01 -1.615041699995864e+01 -1.615201617363961e+01 -1.626187106513408e+01
-1.052689314259437e+01 -1.616129401214951e+01 -1.619260805145451e+01 -1.625755433962099e+01
-1.056828582775259e+01 -1.617219775437974e+01 -1.622238241207927e+01 -1.625618999375195e+01
-1.060967851291081e+01 -1.620434788522983e+01 -1.618846367574698e+01 -1.626115183961591e+01
-1.065107119806904e+01 -1.621997629700542e+01 -1.621973589749537e+01 -1.626105509354755e+01
-1.069246388322727e+01 -1.621046434964493e+01 -1.621602775597243e+01 -1.626013962293686e+01
-1.073385656838549e+01 -1.622968554515447e+01 -1.624963361202478e+01 -1.626014001528873e+01
-1.077524925354372e+01 -1.625712028546123e+01 -1.623193035700188e+01 -1.625800521350105e+01
-1.081664193870194e+01 -1.625451261170485e+01 -1.623672758234517e+01 -1.626891305880682e+01
-1.085803462386017e+01 -1.625715098965962e+01 -1.626507563854435e+01 -1.626442654888772e+01
-1.089942730901839e+01 -1.624072177507508e+01 -1.624672754428904e+01 -1.625912613262896e+01
-1.094081999417662e+01 -1.623891945373640e+01 -1.626690558426930e+01 -1.625689851080557e+01
-1.098221267933484e+01 -1.625583660201907e+01 -1.626365937907954e+01 -1.626173163361317e+01
-1.102360536449307e+01 -1.625537446205213e+01 -1.625366794928546e+01 -1.625872718703160e+01
-1.106499804965129e+01 -1.625147686661409e+01 -1.624715874889600e+01 -1.625565954146671e+01
-1.110639073480952e+01 -1.626926960419047e+01 -1.626181570990616e+01 -1.626552667225651e+01
-1.114778341996774e+01 -1.625864229886919e+01 -1.625842360825931e+01 -1.626098281348898e+01
-1.118917610512597e+01 -1.625905459685767e+01 -1.626590243349715e+01 -1.626463403866793e+01
-1.123056879028419e+01 -1.625609599540176e+01 -1.625279031526751e+01 -1.625566283415234e+01
-1.127196147544242e+01 -1.625667414416218e+01 -1.626045615027957e+01 -1.625856112155200e+01
-1.131335416060064e+01 -1.625929654560246e+01 -1.625344653284296e+01 -1.625636176053505e+01
-1.135474684575887e+01 -1.625524341755968e+01 -1.626104825227599e+01 -1.625830636320718e+01
-1.139613953091709e+01 -1.625881778312061e+01 -1.626136832817944e+01 -1.626009109828255e+01
-1.143753221607532e+01 -1.625893339260774e+01 -1.626125199010574e+01 -1.626009124866725e+01
-1.147892490123354e+01 -1.626192983157245e+01 -1.626165685555643e+01 -1.626201731168249e+01
-1.152031758639177e+01 -1.626066995489360e+01 -1.626249011001520e+01 -1.626157911171174e+01
-1.156171027154999e+01 -1.626108857408297e+01 -1.625946968281244e+01 -1.626027837411869e+01
-1.160310295670822e+01 -1.625941334020195e+01 -1.626047496130744e+01 -1.625994383453708e+01
-1.164449564186644e+01 -1.625624842131442e+01 -1.625758756435334e+01 -1.625691750264311e+01
-1.168588832702467e+01 -1.626197643484570e+01 -1.626267856485415e+01 -1.626232729880704e+01
-1.172728101218289e+01 -1.625694240969526e+01 -1.625695343093117e+01 -1.625694792027825e+01
-1.176867369734112e+01 -1.625805935380540e+01 -1.625780373993845e+01 -1.625793152887926e+01
-1.181006638249934e+01 -1.625877234500745e+01 -1.625895381133489e+01 -1.625886306869315e+01
-1.185145906765757e+01 -1.626189820372124e+01 -1.626138884777560e+01 -1.626164338381535e+01
-1.189285175281579e+01 -1.625615466382783e+01 -1.625631379063372e+01 -1.625623422196791e+01
-1.193424443797402e+01 -1.625908295925728e+01 -1.625928797148072e+01 -1.625918545245618e+01
-1.197563712313224e+01 -1.625757604982034e+01 -1.625765693917099e+01 -1.625761649830106e+01
-1.201702980829047e+01 -1.625584729839484e+01 -1.625607602559999e+01 -1.625596163884388e+01
-1.205842249344869e+01 -1.625720799105738e+01 -1.625703522707614e+01 -1.625712164593337e+01
-1.209981517860692e+01 -1.625766532185178e+01 -1.625774474021563e+01 -1.625770503815946e+01
-1.214120786376514e+01 -1.625766892643801e+01 -1.625774112443244e+01 -1.625770503165682e+01
-1.218260054892337e+01 -1.625670464166655e+01 -1.625660585853824e+01 -1.625665527810676e+01
-1.222399323408159e+01 -1.625899965813143e+01 -1.625906486888126e+01 -1.625903223537691e+01
-1.226538591923982e+01 -1.625672336956442e+01 -1.625677142852810e+01 -1.625674740000357e+01
-1.230677860439804e+01 -1.625581276759539e+01 -1.625583258770875e+01 -1.625582267753900e+01
-1.234817128955627e+01 -1.625630747574495e+01 -1.625625075281242e+01 -1.625627908013583e+01
-1.238956397471449e+01 -1.625630489682717e+01 -1.625625332978847e+01 -1.625627911254245e+01
-1.243095665987272e+01 -1.625642004801212e+01 -1.625642651041727e+01 -1.625642328021571e+01
-1.247234934503094e+01 -1.626415653987171e+01 -1.626412789617187e+01 -1.626414221572323e+01
-1.251374203018917e+01 -1.625799009809428e+01 -1.625798212293339e+01 -1.625798611100387e+01
-1.255513471534739e+01 -1.625602133472693e+01 -1.625602449321775e+01 -1.625602291442492e+01
-1.259652740050562e+01 -1.625575424769661e+01 -1.625573758442756e+01 -1.625574593095184e+01
-1.263792008566384e+01 -1.625919521536326e+01 -1.625918836438133e+01 -1.625919178527094e+01
-1.267931277082207e+01 -1.625626582927088e+01 -1.625626967360849e+01 -1.625626774991641e+01
-1.272070545598029e+01 -1.625779499645961e+01 -1.625779146745133e+01 -1.625779323063077e+01
-1.276209814113852e+01 -1.625946085880270e+01 -1.625946869079612e+01 -1.625946478437128e+01
-1.280349082629674e+01 -1.625915744516199e+01 -1.625915970679791e+01 -1.625915857725278e+01
-1.284488351145497e+01 -1.625674491133562e+01 -1.625674946329327e+01 -1.625674718852504e+01
-1.288627619661319e+01 -1.626840151779540e+01 -1.626839668293699e+01 -1.626839909182026e+01
-1.292766888177142e+01 -1.625735659980343e+01 -1.625735795786885e+01 -1.625735728000312e+01
-1.296906156692964e+01 -1.625769153502826e+01 -1.625769388912025e+01 -1.625769271217426e+01
-1.301045425208787e+01 -1.625889278380368e+01 -1.625889302421980e+01 -1.625889290392258e+01
-1.305184693724610e+01 -1.625740910623015e+01 -1.625741054314928e+01 -1.625740982509526e+01
-1.309323962240432e+01 -1.625843382312019e+01 -1.625843388463009e+01 -1.625843385385606e+01
-1.313463230756255e+01 -1.625947900878468e+01 -1.625947934835711e+01 -1.625947917844334e+01
-1.317602499272077e+01 -1.625947902424065e+01 -1.625947933315618e+01 -1.625947917869839e+01
-1.321741767787899e+01 -1.625679617526903e+01 -1.625679652157129e+01 -1.625679634844547e+01
-1.325881036303722e+01 -1.625679619113678e+01 -1.625679650484170e+01 -1.625679634885104e+01
-1.330020304819545e+01 -1.625971241959152e+01 -1.625971253843173e+01 -1.625971247899886e+01
-1.334159573335367e+01 -1.625667945915593e+01 -1.625667914021393e+01 -1.625667929976093e+01
-1.338298841851190e+01 -1.627601036698547e+01 -1.627601089581519e+01 -1.627601063426165e+01
-1.342438110367012e+01 -1.625584824843327e+01 -1.625584813755066e+01 -1.625584819301725e+01
-1.346577378882835e+01 -1.626283028803502e+01 -1.626283062802752e+01 -1.626283045777421e+01
-1.350716647398657e+01 -1.625883737585728e+01 -1.625883753146221e+01 -1.625883745368520e+01
-1.354855915914480e+01 -1.625975291794075e+01 -1.625975272306247e+01 -1.625975281973597e+01
-1.358995184430302e+01 -1.626420061410370e+01 -1.626420080005581e+01 -1.626420070878147e+01
-1.363134452946125e+01 -1.627013181169266e+01 -1.627013198467564e+01 -1.627013189632833e+01
-1.367273721461947e+01 -1.625884891303177e+01 -1.625884901801058e+01 -1.625884896549570e+01
-1.371412989977770e+01 -1.625901914473021e+01 -1.625901910107381e+01 -1.625901912283195e+01
-1.375552258493592e+01 -1.625738508535884e+01 -1.625738505262846e+01 -1.625738506883501e+01
-1.379691527009415e+01 -1.625642143221992e+01 -1.625642141863253e+01 -1.625642142542622e+01
-1.383830795525237e+01 -1.625622969371002e+01 -1.625622972010069e+01 -1.625622970707623e+01
-1.387970064041060e+01 -1.625622969489981e+01 -1.625622971872103e+01 -1.625622970686105e+01
-1.392109332556882e+01 -1.625659668012634e+01 -1.625659665093904e+01 -1.625659666558336e+01
-1.396248601072705e+01 -1.625807664492605e+01 -1.625807666096777e+01 -1.625807665295962e+01
-1.400387869588527e+01 -1.625906115271803e+01 -1.625906115675349e+01 -1.625906115472143e+01
-1.404527138104350e+01 -1.626303078342900e+01 -1.626303080850049e+01 -1.626303079574617e+01
-1.408666406620172e+01 -1.626520928282274e+01 -1.626520930404038e+01 -1.626520929347032e+01
-1.412805675135995e+01 -1.626105333688803e+01 -1.626105332339813e+01 -1.626105333051424e+01
-1.416944943651817e+01 -1.625658425996966e+01 -1.625658425548528e+01 -1.625658425772747e+01
-1.421084212167640e+01 -1.625649868829055e+01 -1.625649868994811e+01 -1.625649868911695e+01
-1.425223480683462e+01 -1.626003250942156e+01 -1.626003251719771e+01 -1.626003251327771e+01
-1.429362749199285e+01 -1.625776705863161e+01 -1.625776706429683e+01 -1.625776706151503e+01
-1.433502017715107e+01 -1.626390503592106e+01 -1.626390503041998e+01 -1.626390503313831e+01
-1.437641286230930e+01 -1.626969728099033e+01 -1.626969727655780e+01 -1.626969727896011e+01
-1.441780554746752e+01 -1.625944395775126e+01 -1.625944395742849e+01 -1.625944395759107e+01
-1.445919823262575e+01 -1.625767851865770e+01 -1.625767851534943e+01 -1.625767851720994e+01
-1.450059091778397e+01 -1.625821892154555e+01 -1.625821892057281e+01 -1.625821892105600e+01
-1.454198360294220e+01 -1.625943186580169e+01 -1.625943186715012e+01 -1.625943186641056e+01
-1.458337628810042e+01 -1.625639382353308e+01 -1.625639382164642e+01 -1.625639382236816e+01
-1.462476897325865e+01 -1.625902034571607e+01 -1.625902034582276e+01 -1.625902034576941e+01
-1.466616165841687e+01 -1.627220967964631e+01 -1.627220968083802e+01 -1.627220968023395e+01
-1.470755434357510e+01 -1.626268589737828e+01 -1.626268589837392e+01 -1.626268589777333e+01
-1.474894702873332e+01 -1.625917992520803e+01 -1.625917992524845e+01 -1.625917992522774e+01
-1.479033971389155e+01 -1.625884727266793e+01 -1.625884727190072e+01 -1.625884727227955e+01
-1.483173239904977e+01 -1.625833415373415e+01 -1.625833415327468e+01 -1.625833415356404e+01
-1.487312508420800e+01 -1.625833415371666e+01 -1.625833415328581e+01 -1.625833415355768e+01
-1.491451776936622e+01 -1.628796479410803e+01 -1.628796479358038e+01 -1.628796479382548e+01
-1.495591045452445e+01 -1.625721483823664e+01 -1.625721483829095e+01 -1.625721483826320e+01
-1.499730313968267e+01 -1.625639020693166e+01 -1.625639020717540e+01 -1.625639020702662e+01
-1.503869582484090e+01 -1.625718782333257e+01 -1.625718782313119e+01 -1.625718782324378e+01
-1.508008850999912e+01 -1.625821560397960e+01 -1.625821560381907e+01 -1.625821560393828e+01
-1.512148119515735e+01 -1.625851243312950e+01 -1.625851243311499e+01 -1.625851243312234e+01
-1.516287388031557e+01 -1.625882429130234e+01 -1.625882429119411e+01 -1.625882429124823e+01
-1.520426656547380e+01 -1.625882429129916e+01 -1.625882429123708e+01 -1.625882429126096e+01
-1.524565925063202e+01 -1.627305077397848e+01 -1.627305077389131e+01 -1.627305077389954e+01
-1.528705193579025e+01 -1.626333324179832e+01 -1.626333324169137e+01 -1.626333324177742e+01
-1.532844462094847e+01 -1.625924605681816e+01 -1.625924605682354e+01 -1.625924605682095e+01
-1.536983730610670e+01 -1.625726432729386e+01 -1.625726432729609e+01 -1.625726432729500e+01
-1.541122999126492e+01 -1.625714604649257e+01 -1.625714604651873e+01 -1.625714604649653e+01
-1.545262267642315e+01 -1.625797160187115e+01 -1.625797160184414e+01 -1.625797160185924e+01
-1.549401536158137e+01 -1.625724366008715e+01 -1.625724366005623e+01 -1.625724366008874e+01
-1.553540804673960e+01 -1.626063249988832e+01 -1.626063249989791e+01 -1.626063249989671e+01
-1.557680073189782e+01 -1.626168598298644e+01 -1.626168598295840e+01 -1.626168598297362e+01
-1.561819341705605e+01 -1.625765211033415e+01 -1.625765211032443e+01 -1.625765211032820e+01
-1.565958610221428e+01 -1.625799580333478e+01 -1.625799580332763e+01 -1.625799580333140e+01
-1.570097878737250e+01 -1.625681844739832e+01 -1.625681844739357e+01 -1.625681844739574e+01
-1.574237147253072e+01 -1.625681844739753e+01 -1.625681844739535e+01 -1.625681844739674e+01
-1.578376415768895e+01 -1.625580683142172e+01 -1.625580683142785e+01 -1.625580683141975e+01
-1.582515684284717e+01 -1.625869116699473e+01 -1.625869116699525e+01 -1.625869116699515e+01
-1.586654952800540e+01 -1.625789176568983e+01 -1.625789176568625e+01 -1.625789176569142e+01
-1.590794221316363e+01 -1.625671073880925e+01 -1.625671073881024e+01 -1.625671073881063e+01
-1.594933489832185e+01 -1.625858139645773e+01 -1.625858139645515e+01 -1.625858139645693e+01
-1.599072758348007e+01 -1.625764695954688e+01 -1.625764695954748e+01 -1.625764695954807e+01
