0.000000000000000e+00 0.000000000000000e+00 0.000000000000000e+00 0.000000000000000e+00 0.000000000000000e+00
1.000000000000000e-02 1.812665179786944e-01 2.000000000000000e-01 1.666597228587380e-01 1.818144631648797e-01
2.000000000000000e-02 3.296620828137322e-01 3.599920007999200e-01 3.055266291925307e-01 3.305595844316637e-01
3.000000000000000e-02 4.511389952934808e-01 4.879680105560016e-01 4.212288221873653e-01 4.522414686944836e-01
4.000000000000000e-02 5.505752607487784e-01 5.903283670030489e-01 5.176264714276271e-01 5.517789949596686e-01
5.000000000000000e-02 6.319674734001017e-01 6.721972508495642e-01 5.979385055965047e-01 6.331995994119470e-01
6.000000000000000e-02 6.985893177191951e-01 7.376760543581674e-01 6.648485698998740e-01 6.998000560016414e-01
7.000000000000001e-02 7.531217592554615e-01 7.900467456184280e-01 7.205936069590617e-01 7.542784545591024e-01
8.000000000000000e-02 7.977599371233172e-01 8.319350210398245e-01 7.670378827906280e-01 7.988424907478648e-01
9.000000000000000e-02 8.343008926814715e-01 8.654411392617737e-01 8.057348269442988e-01 8.352982839895904e-01
9.999999999999999e-02 8.642155429215973e-01 8.922447944793546e-01 8.379786748255506e-01 8.651231969670528e-01
1.100000000000000e-01 8.887077069285749e-01 9.136891472611860e-01 8.648475795888434e-01 8.895255168848379e-01
1.200000000000000e-01 9.087624979908588e-01 9.308481302466388e-01 8.872395913400800e-01 9.094933522360744e-01
1.300000000000000e-01 9.251859846438113e-01 9.445803390825193e-01 9.059026747583085e-01 9.258346809999168e-01
1.400000000000000e-01 9.386376862485731e-01 9.555721685745506e-01 9.214597458852380e-01 9.392101416963778e-01
1.500000000000000e-01 9.496571902861103e-01 9.643723302405802e-01 9.344295490244180e-01 9.501598748615179e-01
1.600000000000000e-01 9.586859491200399e-01 9.714194658971500e-01 9.452440606105420e-01 9.591254887466204e-01
1.700000000000000e-01 9.660851250406848e-01 9.770642328510046e-01 9.542629944732355e-01 9.664680306592525e-01
1.800000000000000e-01 9.721501968905363e-01 9.815869637255888e-01 9.617858886845426e-01 9.724826871194042e-01
1.900000000000000e-01 9.771229136434502e-01 9.852117850084359e-01 9.680621752394146e-01 9.774108059131802e-01
2.000000000000000e-01 9.812010751290852e-01 9.881179026171921e-01 9.732995677242694e-01 9.814497262375368e-01
2.100000000000000e-01 9.845465336595558e-01 9.904486217192044e-01 9.776710468165332e-01 9.847608153491889e-01
2.200000000000001e-01 9.872917393204864e-01 9.923185549002957e-01 9.813206771906844e-01 9.874760380783117e-01
2.300000000000001e-01 9.895450934028518e-01 9.938193820790666e-01 9.843684507221259e-01 9.897033264528253e-01
2.400000000000001e-01 9.913953266214445e-01 9.950244528863498e-01 9.869143185503106e-01 9.915309682005580e-01
2.500000000000001e-01 9.929150795317191e-01 9.959924640192022e-01 9.890415475544473e-01 9.930311931576284e-01
2.600000000000001e-01 9.941638303870991e-01 9.967703974742982e-01 9.908195142417591e-01 9.942631040496768e-01
2.700000000000001e-01 9.951902893116358e-01 9.973958682669304e-01 9.923060302220633e-01 9.952750714420142e-01
2.800000000000001e-01 9.960343560593587e-01 9.978990004012840e-01 9.935492777331394e-01 9.961066908174407e-01
2.900000000000001e-01 9.967287209370882e-01 9.983039259916003e-01 9.945894205774009e-01 9.967903818665446e-01
3.000000000000001e-01 9.973001739791728e-01 9.986299833517061e-01 9.954599449032848e-01 9.973526954500616e-01
3.100000000000001e-01 9.977706756030565e-01 9.988926746172964e-01 9.961887751556552e-01 9.978153817293615e-01
3.200000000000001e-01 9.981582322694301e-01 9.991044312758754e-01 9.967992029281404e-01 9.981962631775879e-01
3.300000000000001e-01 9.984776127305968e-01 9.992752262400989e-01 9.973106601254856e-01 9.985099481851545e-01
3.400000000000001e-01 9.987409339560198e-01 9.994130633202915e-01 9.977393625757195e-01 9.987684144351029e-01
3.500000000000001e-01 9.989581405127865e-01 9.995243687379672e-01 9.980988458447237e-01 9.989814858806281e-01
3.600000000000002e-01 9.991373968360349e-01 9.996143043596746e-01 9.984004113530865e-01 9.991572227912312e-01
3.700000000000002e-01 9.992854082742051e-01 9.996870183677870e-01 9.986534978545110e-01 9.993022407672917e-01
3.800000000000002e-01 9.994076838920524e-01 9.997458459207710e-01 9.988659908044378e-01 9.994219717094124e-01
3.900000000000002e-01 9.995087516425923e-01 9.997934698291508e-01 9.990444800416826e-01 9.995208773493643e-01
4.000000000000002e-01 9.995923345808642e-01 9.998320492563433e-01 9.991944744537441e-01 9.996026240061340e-01
4.100000000000002e-01 9.996614952084786e-01 9.998633228430932e-01 9.993205808387681e-01 9.996702256436227e-01
4.200000000000002e-01 9.997187537436307e-01 9.998886913683812e-01 9.994266529645682e-01 9.997261610106651e-01
4.300000000000002e-01 9.997661850536819e-01 9.999092840329388e-01 9.995159158164993e-01 9.997724695858639e-01
4.400000000000002e-01 9.998054981232491e-01 9.999260116315911e-01 9.995910691870780e-01 9.998108301856712e-01
4.500000000000002e-01 9.998381012246148e-01 9.999396092258389e-01 9.996543740625277e-01 9.998426253885819e-01
4.600000000000002e-01 9.998651553802471e-01 9.999506704050564e-01 9.997077246811459e-01 9.998689943521206e-01
4.700000000000003e-01 9.998876182356837e-01 9.999596748068538e-01 9.997527086557849e-01 9.998908761287699e-01
4.800000000000003e-01 9.999062800756552e-01 9.999670102332980e-01 9.997906571513635e-01 9.999090452026885e-01
4.900000000000003e-01 9.999217934013385e-01 9.999729904328797e-01 9.998226867744950e-01 9.999241406551692e-01
5.000000000000002e-01 9.999346972291530e-01 9.999778694048421e-01 9.998497345546569e-01 9.999366901103662e-01
5.100000000000002e-01 9.999454370610025e-01 9.999818529119705e-01 9.998725871653668e-01 9.999471294033201e-01
5.200000000000002e-01 9.999543813037470e-01 9.999851077515590e-01 9.998919053417044e-01 9.999558187411161e-01
5.300000000000002e-01 9.999618347749151e-01 9.999877692251784e-01 9.999082442906770e-01 9.999630559881003e-01
5.400000000000003e-01 9.999680498165280e-01 9.999899471605590e-01 9.999220707579358e-01 9.999690875917071e-01
5.500000000000003e-01 9.999732354447011e-01 9.999917307690185e-01 9.999337773036773e-01 9.999741175719379e-01
5.600000000000003e-01 9.999775648855954e-01 9.999931925658964e-01 9.999436942484662e-01 9.999783149210603e-01
5.700000000000003e-01 9.999811817851948e-01 9.999943915366288e-01 9.999520996730380e-01 9.999818196975372e-01
5.800000000000003e-01 9.999842053287190e-01 9.999953756951685e-01 9.999592277923161e-01 9.999847480470150e-01
5.900000000000003e-01 9.999867344631732e-01 9.999961841526519e-01 9.999652759707255e-01 9.999871963413021e-01
6.000000000000003e-01 9.999888513818749e-01 9.999968487911177e-01 9.999704106016206e-01 9.999892445919789e-01
6.100000000000003e-01 9.999906244013970e-01 9.999973956185414e-01 9.999747720367634e-01 9.999909592671907e-01
6.200000000000003e-01 9.999921103380814e-01 9.999978458665741e-01 9.999784787210665e-01 9.999923956171666e-01
6.300000000000003e-01 9.999933564721908e-01 9.999982168804242e-01 9.999816306622047e-01 9.999935995951518e-01
6.400000000000003e-01 9.999944021721030e-01 9.999985228407157e-01 9.999843123433524e-01 9.999946094449869e-01
6.500000000000004e-01 9.999952802381064e-01 9.999987753494424e-01 9.999865951694961e-01 9.999954570138873e-01
6.600000000000004e-01 9.999960180148035e-01 9.999989839059258e-01 9.999885395229331e-01 9.999961688385846e-01
6.700000000000004e-01 9.999966383124712e-01 9.999991562936889e-01 9.999901964911694e-01 9.999967670444485e-01
6.800000000000004e-01 9.999971601706082e-01 9.999992988951372e-01 9.999916093200945e-01 9.999972700902088e-01
6.900000000000004e-01 9.999975994910546e-01 9.999994169476956e-01 9.999928146366799e-01 9.999976933851389e-01
7.000000000000004e-01 9.999979695632574e-01 9.999995147524385e-01 9.999938434782364e-01 9.999980498008320e-01
7.100000000000004e-01 9.999982815003039e-01 9.999995958441451e-01 9.999947221592440e-01 9.999983500958159e-01
7.200000000000004e-01 9.999985446010897e-01 9.999996631300089e-01 9.999954730017376e-01 9.999986032680575e-01
7.300000000000004e-01 9.999987666513056e-01 9.999997190028609e-01 9.999961149510208e-01 9.999988168477676e-01
7.400000000000004e-01 9.999989541737266e-01 9.999997654336557e-01 9.999966640949642e-01 9.999989971407648e-01
7.500000000000004e-01 9.999991126364625e-01 9.999998040470712e-01 9.999971341022029e-01 9.999991494308622e-01
7.600000000000005e-01 9.999992466263327e-01 9.999998361833515e-01 9.999975365920775e-01 9.999992781482782e-01
7.700000000000005e-01 9.999993599932924e-01 9.999998629489317e-01 9.999978814471087e-01 9.999993870098572e-01
7.800000000000005e-01 9.999994559708126e-01 9.999998852579099e-01 9.999981770770632e-01 9.999994791358906e-01
7.900000000000005e-01 9.999995372762805e-01 9.999999038660464e-01 9.999984306422220e-01 9.999995571474984e-01
8.000000000000005e-01 9.999996061947827e-01 9.999999193986557e-01 9.999986482422500e-01 9.999996232478583e-01
8.100000000000005e-01 9.999996646490660e-01 9.999999323735063e-01 9.999988350760468e-01 9.999996792899994e-01
8.200000000000005e-01 9.999997142579904e-01 9.999999432196345e-01 9.999989955771076e-01 9.999997268334200e-01
8.300000000000005e-01 9.999997563853964e-01 9.999999522928137e-01 9.999991335282011e-01 9.999997671913970e-01
8.400000000000005e-01 9.999997921809831e-01 9.999999598882814e-01 9.999992521585801e-01 9.999998014705447e-01
8.500000000000005e-01 9.999998226145241e-01 9.999999662512191e-01 9.999993542264215e-01 9.999998306039100e-01
8.600000000000005e-01 9.999998485045242e-01 9.999999715853878e-01 9.999994420887796e-01 9.999998553786791e-01
8.700000000000006e-01 9.999998705422345e-01 9.999999760602482e-01 9.999995177609733e-01 9.999998764593859e-01
8.800000000000006e-01 9.999998893117902e-01 9.999999798168365e-01 9.999995829670301e-01 9.999998944073639e-01
8.900000000000006e-01 9.999999053071064e-01 9.999999829726171e-01 9.999996391825533e-01 9.999999096970615e-01
9.000000000000006e-01 9.999999189460632e-01 9.999999856254911e-01 9.999996876711725e-01 9.999999227297323e-01
9.100000000000006e-01 9.999999305824226e-01 9.999999878571137e-01 9.999997295155504e-01 9.999999338449310e-01
9.200000000000006e-01 9.999999405158438e-01 9.999999897356378e-01 9.999997656437760e-01 9.999999433301732e-01
9.300000000000006e-01 9.999999490003081e-01 9.999999913179861e-01 9.999997968518390e-01 9.999999514290550e-01
9.400000000000006e-01 9.999999562512081e-01 9.999999926517360e-01 9.999998238227794e-01 9.999999583480843e-01
9.500000000000006e-01 9.999999624513176e-01 9.999999937766805e-01 9.999998471430110e-01 9.999999642624315e-01
9.600000000000006e-01 9.999999677558217e-01 9.999999947261251e-01 9.999998673162449e-01 9.999999693207710e-01
9.700000000000006e-01 9.999999722965571e-01 9.999999955279649e-01 9.999998847753681e-01 9.999999736493623e-01
9.800000000000006e-01 9.999999761855898e-01 9.999999962055788e-01 9.999998998925882e-01 9.999999773554928e-01
9.900000000000007e-01 9.999999795182338e-01 9.999999967785743e-01 9.999999129880972e-01 9.999999805303795e-01
1.000000000000001e+00 9.999999823756018e-01 9.999999972634069e-01 9.999999243374759e-01 9.999999832516212e-01
1.010000000000001e+00 9.999999848267597e-01 9.999999976738959e-01 9.999999341780257e-01 9.999999855852688e-01
1.020000000000001e+00 9.999999869305488e-01 9.999999980216543e-01 9.999999427141849e-01 9.999999875875757e-01
1.030000000000001e+00 9.999999887371274e-01 9.999999983164476e-01 9.999999501221650e-01 9.999999893064777e-01
1.040000000000001e+00 9.999999902892754e-01 9.999999985664930e-01 9.999999565539212e-01 9.999999907828456e-01
1.050000000000001e+00 9.999999916235005e-01 9.999999987787094e-01 9.999999621405531e-01 9.999999920515458e-01
1.060000000000001e+00 9.999999927709734e-01 9.999999989589260e-01 9.999999669952208e-01 9.999999931423386e-01
1.070000000000001e+00 9.999999937583238e-01 9.999999991120574e-01 9.999999712156467e-01 9.999999940806394e-01
1.080000000000001e+00 9.999999946083131e-01 9.999999992422495e-01 9.999999748862591e-01 9.999999948881659e-01
1.090000000000001e+00 9.999999953404072e-01 9.999999993530019e-01 9.999999780800363e-01 9.999999955834845e-01
1.100000000000001e+00 9.999999959712620e-01 9.999999994472706e-01 9.999999808600871e-01 9.999999961824769e-01
1.110000000000001e+00 9.999999965151370e-01 9.999999995275539e-01 9.999999832810110e-01 9.999999966987354e-01
1.120000000000001e+00 9.999999969842461e-01 9.999999995959645e-01 9.999999853900674e-01 9.999999971438985e-01
1.130000000000001e+00 9.999999973890563e-01 9.999999996542902e-01 9.999999872281796e-01 9.999999975279374e-01
1.140000000000001e+00 9.999999977385425e-01 9.999999997040445e-01 9.999999888308014e-01 9.999999978593992e-01
1.150000000000001e+00 9.999999980404037e-01 9.999999997465099e-01 9.999999902286606e-01 9.999999981456137e-01
1.160000000000001e+00 9.999999983012481e-01 9.999999997827734e-01 9.999999914484010e-01 9.999999983928701e-01
1.170000000000001e+00 9.999999985267499e-01 9.999999998137571e-01 9.999999925131356e-01 9.999999986065676e-01
1.180000000000001e+00 9.999999987217846e-01 9.999999998402433e-01 9.999999934429229e-01 9.999999987913433e-01
1.190000000000001e+00 9.999999988905424e-01 9.999999998628967e-01 9.999999942551777e-01 9.999999989511822e-01
1.200000000000001e+00 9.999999990366271e-01 9.999999998822816e-01 9.999999949650263e-01 9.999999990895100e-01
1.210000000000001e+00 9.999999991631392e-01 9.999999998988780e-01 9.999999955856131e-01 9.999999992092732e-01
1.220000000000001e+00 9.999999992727476e-01 9.999999999130940e-01 9.999999961283641e-01 9.999999993130080e-01
1.230000000000001e+00 9.999999993677510e-01 9.999999999252770e-01 9.999999966032164e-01 9.999999994028973e-01
1.240000000000001e+00 9.999999994501295e-01 9.999999999357229e-01 9.999999970188154e-01 9.999999994808217e-01
1.250000000000001e+00 9.999999995215904e-01 9.999999999446836e-01 9.999999973826859e-01 9.999999995484019e-01
1.260000000000001e+00 9.999999995836057e-01 9.999999999523739e-01 9.999999977013799e-01 9.999999996070349e-01
1.270000000000001e+00 9.999999996374458e-01 9.999999999589770e-01 9.999999979806049e-01 9.999999996579261e-01
1.280000000000001e+00 9.999999996842067e-01 9.999999999646494e-01 9.999999982253344e-01 9.999999997021151e-01
1.290000000000001e+00 9.999999997248354e-01 9.999999999695243e-01 9.999999984399041e-01 9.999999997404998e-01
1.300000000000001e+00 9.999999997601499e-01 9.999999999737158e-01 9.999999986280946e-01 9.999999997738557e-01
1.310000000000001e+00 9.999999997908570e-01 9.999999999773214e-01 9.999999987932051e-01 9.999999998028528e-01
1.320000000000001e+00 9.999999998175679e-01 9.999999999804242e-01 9.999999989381146e-01 9.999999998280705e-01
1.330000000000001e+00 9.999999998408117e-01 9.999999999830956e-01 9.999999990653367e-01 9.999999998500096e-01
1.340000000000001e+00 9.999999998610456e-01 9.999999999853966e-01 9.999999991770668e-01 9.999999998691035e-01
1.350000000000001e+00 9.999999998786662e-01 9.999999999873793e-01 9.999999992752230e-01 9.999999998857273e-01
1.360000000000001e+00 9.999999998940163e-01 9.999999999890885e-01 9.999999993614822e-01 9.999999999002059e-01
1.370000000000001e+00 9.999999999073935e-01 9.999999999905625e-01 9.999999994373100e-01 9.999999999128207e-01
1.380000000000001e+00 9.999999999190554e-01 9.999999999918343e-01 9.999999995039889e-01 9.999999999238156e-01
1.390000000000001e+00 9.999999999292256e-01 9.999999999929320e-01 9.999999995626411e-01 9.999999999334019e-01
1.400000000000001e+00 9.999999999380980e-01 9.999999999938799e-01 9.999999996142482e-01 9.999999999417630e-01
1.410000000000001e+00 9.999999999458408e-01 9.999999999946987e-01 9.999999996596706e-01 9.999999999490581e-01
1.420000000000001e+00 9.999999999526001e-01 9.999999999954062e-01 9.999999996996612e-01 9.999999999554252e-01
1.430000000000001e+00 9.999999999585030e-01 9.999999999960179e-01 9.999999997348802e-01 9.999999999609843e-01
1.440000000000001e+00 9.999999999636594e-01 9.999999999965469e-01 9.999999997659058e-01 9.999999999658395e-01
1.450000000000001e+00 9.999999999681655e-01 9.999999999970045e-01 9.999999997932453e-01 9.999999999700814e-01
1.460000000000001e+00 9.999999999721044e-01 9.999999999974006e-01 9.999999998173437e-01 9.999999999737885e-01
1.470000000000001e+00 9.999999999755487e-01 9.999999999977436e-01 9.999999998385910e-01 9.999999999770295e-01
1.480000000000001e+00 9.999999999785614e-01 9.999999999980406e-01 9.999999998573298e-01 9.999999999798638e-01
1.490000000000001e+00 9.999999999811974e-01 9.999999999982979e-01 9.999999998738610e-01 9.999999999823431e-01
1.500000000000001e+00 9.999999999835045e-01 9.999999999985210e-01 9.999999998884485e-01 9.999999999845127e-01
1.510000000000001e+00 9.999999999855245e-01 9.999999999987144e-01 9.999999999013243e-01 9.999999999864119e-01
1.520000000000001e+00 9.999999999872936e-01 9.999999999988821e-01 9.999999999126924e-01 9.999999999880748e-01
1.530000000000001e+00 9.999999999888433e-01 9.999999999990277e-01 9.999999999227319e-01 9.999999999895313e-01
1.540000000000001e+00 9.999999999902014e-01 9.999999999991540e-01 9.999999999316005e-01 9.999999999908074e-01
1.550000000000001e+00 9.999999999913918e-01 9.999999999992637e-01 9.999999999394368e-01 9.999999999919257e-01
1.560000000000001e+00 9.999999999924355e-01 9.999999999993590e-01 9.999999999463626e-01 9.999999999929060e-01
1.570000000000001e+00 9.999999999933510e-01 9.999999999994418e-01 9.999999999524855e-01 9.999999999937657e-01
1.580000000000001e+00 9.999999999941541e-01 9.999999999995137e-01 9.999999999578995e-01 9.999999999945197e-01
1.590000000000001e+00 9.999999999948589e-01 9.999999999995762e-01 9.999999999626882e-01 9.999999999951813e-01
1.600000000000001e+00 9.999999999954776e-01 9.999999999996306e-01 9.999999999669247e-01 9.999999999957619e-01
1.610000000000001e+00 9.999999999960207e-01 9.999999999996779e-01 9.999999999706737e-01 9.999999999962718e-01
1.620000000000001e+00 9.999999999964979e-01 9.999999999997191e-01 9.999999999739920e-01 9.999999999967194e-01
1.630000000000001e+00 9.999999999969170e-01 9.999999999997550e-01 9.999999999769300e-01 9.999999999971125e-01
1.640000000000001e+00 9.999999999972853e-01 9.999999999997862e-01 9.999999999795316e-01 9.999999999974579e-01
1.650000000000001e+00 9.999999999976090e-01 9.999999999998134e-01 9.999999999818361e-01 9.999999999977615e-01
1.660000000000001e+00 9.999999999978937e-01 9.999999999998370e-01 9.999999999838776e-01 9.999999999980282e-01
1.670000000000001e+00 9.999999999981439e-01 9.999999999998577e-01 9.999999999856867e-01 9.999999999982631e-01
1.680000000000001e+00 9.999999999983642e-01 9.999999999998757e-01 9.999999999872903e-01 9.999999999984694e-01
1.690000000000001e+00 9.999999999985578e-01 9.999999999998913e-01 9.999999999887117e-01 9.999999999986510e-01
1.700000000000001e+00 9.999999999987284e-01 9.999999999999050e-01 9.999999999899722e-01 9.999999999988106e-01
1.710000000000001e+00 9.999999999988785e-01 9.999999999999170e-01 9.999999999910902e-01 9.999999999989512e-01
1.720000000000001e+00 9.999999999990106e-01 9.999999999999274e-01 9.999999999920821e-01 9.999999999990750e-01
1.730000000000001e+00 9.999999999991270e-01 9.999999999999365e-01 9.999999999929622e-01 9.999999999991838e-01
1.740000000000001e+00 9.999999999992295e-01 9.999999999999445e-01 9.999999999937431e-01 9.999999999992798e-01
1.750000000000001e+00 9.999999999993199e-01 9.999999999999514e-01 9.999999999944366e-01 9.999999999993642e-01
1.760000000000001e+00 9.999999999993995e-01 9.999999999999575e-01 9.999999999950522e-01 9.999999999994387e-01
1.770000000000001e+00 9.999999999994696e-01 9.999999999999628e-01 9.999999999955987e-01 9.999999999995045e-01
1.780000000000001e+00 9.999999999995316e-01 9.999999999999675e-01 9.999999999960844e-01 9.999999999995624e-01
1.790000000000001e+00 9.999999999995861e-01 9.999999999999715e-01 9.999999999965158e-01 9.999999999996134e-01
1.800000000000001e+00 9.999999999996343e-01 9.999999999999750e-01 9.999999999968991e-01 9.999999999996583e-01
1.810000000000001e+00 9.999999999996768e-01 9.999999999999781e-01 9.999999999972398e-01 9.999999999996980e-01
1.820000000000001e+00 9.999999999997142e-01 9.999999999999808e-01 9.999999999975425e-01 9.999999999997331e-01
1.830000000000001e+00 9.999999999997473e-01 9.999999999999831e-01 9.999999999978115e-01 9.999999999997641e-01
1.840000000000001e+00 9.999999999997766e-01 9.999999999999852e-01 9.999999999980509e-01 9.999999999997912e-01
1.850000000000001e+00 9.999999999998024e-01 9.999999999999870e-01 9.999999999982637e-01 9.999999999998153e-01
1.860000000000001e+00 9.999999999998251e-01 9.999999999999886e-01 9.999999999984530e-01 9.999999999998366e-01
1.870000000000001e+00 9.999999999998453e-01 9.999999999999900e-01 9.999999999986215e-01 9.999999999998554e-01
1.880000000000001e+00 9.999999999998631e-01 9.999999999999912e-01 9.999999999987715e-01 9.999999999998721e-01
1.890000000000001e+00 9.999999999998788e-01 9.999999999999923e-01 9.999999999989049e-01 9.999999999998868e-01
1.900000000000001e+00 9.999999999998928e-01 9.999999999999932e-01 9.999999999990237e-01 9.999999999998997e-01
1.910000000000001e+00 9.999999999999050e-01 9.999999999999940e-01 9.999999999991295e-01 9.999999999999113e-01
1.920000000000001e+00 9.999999999999158e-01 9.999999999999948e-01 9.999999999992236e-01 9.999999999999215e-01
1.930000000000001e+00 9.999999999999255e-01 9.999999999999954e-01 9.999999999993077e-01 9.999999999999305e-01
1.940000000000002e+00 9.999999999999339e-01 9.999999999999960e-01 9.999999999993824e-01 9.999999999999385e-01
1.950000000000002e+00 9.999999999999415e-01 9.999999999999964e-01 9.999999999994491e-01 9.999999999999454e-01
1.960000000000002e+00 9.999999999999482e-01 9.999999999999969e-01 9.999999999995084e-01 9.999999999999516e-01
1.970000000000002e+00 9.999999999999540e-01 9.999999999999972e-01 9.999999999995612e-01 9.999999999999570e-01
1.980000000000002e+00 9.999999999999593e-01 9.999999999999976e-01 9.999999999996083e-01 9.999999999999619e-01
1.990000000000002e+00 9.999999999999638e-01 9.999999999999979e-01 9.999999999996503e-01 9.999999999999660e-01
2.000000000000001e+00 9.999999999999679e-01 9.999999999999981e-01 9.999999999996877e-01 9.999999999999698e-01
2.010000000000001e+00 9.999999999999716e-01 9.999999999999983e-01 9.999999999997210e-01 9.999999999999731e-01
2.020000000000001e+00 9.999999999999748e-01 9.999999999999986e-01 9.999999999997508e-01 9.999999999999761e-01
2.030000000000001e+00 9.999999999999776e-01 9.999999999999988e-01 9.999999999997775e-01 9.999999999999788e-01
2.040000000000000e+00 9.999999999999801e-01 9.999999999999989e-01 9.999999999998013e-01 9.999999999999811e-01
2.050000000000000e+00 9.999999999999823e-01 9.999999999999990e-01 9.999999999998225e-01 9.999999999999832e-01
2.060000000000000e+00 9.999999999999843e-01 9.999999999999991e-01 9.999999999998415e-01 9.999999999999851e-01
2.070000000000000e+00 9.999999999999861e-01 9.999999999999992e-01 9.999999999998583e-01 9.999999999999868e-01
2.080000000000000e+00 9.999999999999877e-01 9.999999999999993e-01 9.999999999998733e-01 9.999999999999882e-01
2.089999999999999e+00 9.999999999999890e-01 9.999999999999994e-01 9.999999999998869e-01 9.999999999999896e-01
2.099999999999999e+00 9.999999999999902e-01 9.999999999999996e-01 9.999999999998987e-01 9.999999999999908e-01
2.109999999999999e+00 9.999999999999913e-01 9.999999999999996e-01 9.999999999999095e-01 9.999999999999918e-01
2.119999999999999e+00 9.999999999999923e-01 9.999999999999996e-01 9.999999999999192e-01 9.999999999999927e-01
2.129999999999999e+00 9.999999999999932e-01 9.999999999999996e-01 9.999999999999277e-01 9.999999999999934e-01
2.139999999999998e+00 9.999999999999939e-01 9.999999999999996e-01 9.999999999999355e-01 9.999999999999941e-01
2.149999999999998e+00 9.999999999999946e-01 9.999999999999996e-01 9.999999999999422e-01 9.999999999999948e-01
2.159999999999998e+00 9.999999999999952e-01 9.999999999999996e-01 9.999999999999484e-01 9.999999999999953e-01
2.169999999999998e+00 9.999999999999958e-01 9.999999999999996e-01 9.999999999999537e-01 9.999999999999960e-01
2.179999999999997e+00 9.999999999999962e-01 9.999999999999996e-01 9.999999999999585e-01 9.999999999999964e-01
2.189999999999997e+00 9.999999999999967e-01 9.999999999999996e-01 9.999999999999628e-01 9.999999999999969e-01
2.199999999999997e+00 9.999999999999970e-01 9.999999999999996e-01 9.999999999999666e-01 9.999999999999972e-01
2.209999999999997e+00 9.999999999999973e-01 9.999999999999996e-01 9.999999999999700e-01 9.999999999999977e-01
2.219999999999997e+00 9.999999999999977e-01 9.999999999999996e-01 9.999999999999731e-01 9.999999999999979e-01
2.229999999999996e+00 9.999999999999979e-01 9.999999999999996e-01 9.999999999999759e-01 9.999999999999981e-01
2.239999999999996e+00 9.999999999999981e-01 9.999999999999996e-01 9.999999999999786e-01 9.999999999999983e-01
2.249999999999996e+00 9.999999999999983e-01 9.999999999999996e-01 9.999999999999809e-01 9.999999999999986e-01
2.259999999999996e+00 9.999999999999986e-01 9.999999999999996e-01 9.999999999999829e-01 9.999999999999988e-01
2.269999999999996e+00 9.999999999999987e-01 9.999999999999996e-01 9.999999999999847e-01 9.999999999999990e-01
2.279999999999995e+00 9.999999999999988e-01 9.999999999999996e-01 9.999999999999862e-01 9.999999999999991e-01
2.289999999999995e+00 9.999999999999990e-01 9.999999999999996e-01 9.999999999999877e-01 9.999999999999991e-01
2.299999999999995e+00 9.999999999999991e-01 9.999999999999996e-01 9.999999999999889e-01 9.999999999999993e-01
2.309999999999995e+00 9.999999999999992e-01 9.999999999999996e-01 9.999999999999900e-01 9.999999999999993e-01
2.319999999999995e+00 9.999999999999992e-01 9.999999999999996e-01 9.999999999999910e-01 9.999999999999993e-01
2.329999999999994e+00 9.999999999999993e-01 9.999999999999996e-01 9.999999999999920e-01 9.999999999999993e-01
2.339999999999994e+00 9.999999999999994e-01 9.999999999999996e-01 9.999999999999928e-01 9.999999999999993e-01
2.349999999999994e+00 9.999999999999994e-01 9.999999999999996e-01 9.999999999999937e-01 9.999999999999993e-01
2.359999999999994e+00 9.999999999999996e-01 9.999999999999996e-01 9.999999999999944e-01 9.999999999999993e-01
2.369999999999993e+00 9.999999999999996e-01 9.999999999999996e-01 9.999999999999950e-01 9.999999999999996e-01
2.379999999999993e+00 9.999999999999997e-01 9.999999999999996e-01 9.999999999999954e-01 9.999999999999998e-01
2.389999999999993e+00 9.999999999999997e-01 9.999999999999996e-01 9.999999999999960e-01 9.999999999999998e-01
2.399999999999993e+00 9.999999999999997e-01 9.999999999999996e-01 9.999999999999964e-01 9.999999999999998e-01
2.409999999999993e+00 9.999999999999998e-01 9.999999999999996e-01 9.999999999999968e-01 9.999999999999998e-01
2.419999999999992e+00 9.999999999999998e-01 9.999999999999996e-01 9.999999999999970e-01 9.999999999999998e-01
2.429999999999992e+00 9.999999999999998e-01 9.999999999999996e-01 9.999999999999974e-01 9.999999999999998e-01
2.439999999999992e+00 9.999999999999998e-01 9.999999999999996e-01 9.999999999999978e-01 9.999999999999998e-01
2.449999999999992e+00 9.999999999999999e-01 9.999999999999996e-01 9.999999999999980e-01 9.999999999999998e-01
2.459999999999992e+00 9.999999999999999e-01 9.999999999999996e-01 9.999999999999982e-01 9.999999999999998e-01
2.469999999999991e+00 9.999999999999999e-01 9.999999999999996e-01 9.999999999999984e-01 9.999999999999998e-01
2.479999999999991e+00 9.999999999999999e-01 9.999999999999996e-01 9.999999999999986e-01 9.999999999999998e-01
2.489999999999991e+00 9.999999999999999e-01 9.999999999999996e-01 9.999999999999986e-01 9.999999999999998e-01
2.499999999999991e+00 9.999999999999999e-01 9.999999999999996e-01 9.999999999999986e-01 9.999999999999998e-01
2.509999999999990e+00 9.999999999999999e-01 9.999999999999996e-01 9.999999999999988e-01 9.999999999999998e-01
2.519999999999990e+00 9.999999999999999e-01 9.999999999999996e-01 9.999999999999990e-01 9.999999999999998e-01
2.529999999999990e+00 9.999999999999999e-01 9.999999999999996e-01 9.999999999999992e-01 9.999999999999998e-01
2.539999999999990e+00 9.999999999999999e-01 9.999999999999996e-01 9.999999999999994e-01 9.999999999999998e-01
2.549999999999990e+00 1.000000000000000e+00 9.999999999999996e-01 9.999999999999994e-01 1.000000000000000e+00
2.559999999999989e+00 1.000000000000000e+00 9.999999999999996e-01 9.999999999999996e-01 1.000000000000000e+00
2.569999999999989e+00 1.000000000000000e+00 9.999999999999996e-01 9.999999999999996e-01 1.000000000000000e+00
2.579999999999989e+00 1.000000000000000e+00 9.999999999999996e-01 9.999999999999996e-01 1.000000000000000e+00
2.589999999999989e+00 1.000000000000000e+00 9.999999999999996e-01 9.999999999999996e-01 1.000000000000000e+00
2.599999999999989e+00 1.000000000000000e+00 9.999999999999996e-01 9.999999999999996e-01 1.000000000000000e+00
2.609999999999988e+00 1.000000000000000e+00 9.999999999999996e-01 9.999999999999996e-01 1.000000000000000e+00
2.619999999999988e+00 1.000000000000000e+00 9.999999999999996e-01 9.999999999999996e-01 1.000000000000000e+00
2.629999999999988e+00 1.000000000000000e+00 9.999999999999996e-01 9.999999999999996e-01 1.000000000000000e+00
2.639999999999988e+00 1.000000000000000e+00 9.999999999999996e-01 9.999999999999996e-01 1.000000000000000e+00
2.649999999999987e+00 1.000000000000000e+00 9.999999999999996e-01 9.999999999999996e-01 1.000000000000000e+00
2.659999999999987e+00 1.000000000000000e+00 9.999999999999996e-01 9.999999999999996e-01 1.000000000000000e+00
2.669999999999987e+00 1.000000000000000e+00 9.999999999999996e-01 9.999999999999996e-01 1.000000000000000e+00
2.679999999999987e+00 1.000000000000000e+00 9.999999999999996e-01 9.999999999999996e-01 1.000000000000000e+00
2.689999999999987e+00 1.000000000000000e+00 9.999999999999996e-01 9.999999999999996e-01 1.000000000000000e+00
2.699999999999986e+00 1.000000000000000e+00 9.999999999999996e-01 9.999999999999996e-01 1.000000000000000e+00
2.709999999999986e+00 1.000000000000000e+00 9.999999999999996e-01 9.999999999999996e-01 1.000000000000000e+00
2.719999999999986e+00 1.000000000000000e+00 9.999999999999996e-01 9.999999999999996e-01 1.000000000000000e+00
2.729999999999986e+00 1.000000000000000e+00 9.999999999999996e-01 9.999999999999996e-01 1.000000000000000e+00
2.739999999999986e+00 1.000000000000000e+00 9.999999999999996e-01 9.999999999999996e-01 1.000000000000000e+00
2.749999999999985e+00 1.000000000000000e+00 9.999999999999996e-01 9.999999999999996e-01 1.000000000000000e+00
2.759999999999985e+00 1.000000000000000e+00 9.999999999999996e-01 9.999999999999996e-01 1.000000000000000e+00
2.769999999999985e+00 1.000000000000000e+00 9.999999999999996e-01 9.999999999999996e-01 1.000000000000000e+00
2.779999999999985e+00 1.000000000000000e+00 9.999999999999996e-01 9.999999999999996e-01 1.000000000000000e+00
2.789999999999984e+00 1.000000000000000e+00 9.999999999999996e-01 9.999999999999996e-01 1.000000000000000e+00
2.799999999999984e+00 1.000000000000000e+00 9.999999999999996e-01 9.999999999999996e-01 1.000000000000000e+00
2.809999999999984e+00 1.000000000000000e+00 9.999999999999996e-01 9.999999999999996e-01 1.000000000000000e+00
2.819999999999984e+00 1.000000000000000e+00 9.999999999999996e-01 9.999999999999996e-01 1.000000000000000e+00
2.829999999999984e+00 1.000000000000000e+00 9.999999999999996e-01 9.999999999999996e-01 1.000000000000000e+00
2.839999999999983e+00 1.000000000000000e+00 9.999999999999996e-01 9.999999999999996e-01 1.000000000000000e+00
2.849999999999983e+00 1.000000000000000e+00 9.999999999999996e-01 9.999999999999996e-01 1.000000000000000e+00
2.859999999999983e+00 1.000000000000000e+00 9.999999999999996e-01 9.999999999999996e-01 1.000000000000000e+00
2.869999999999983e+00 1.000000000000000e+00 9.999999999999996e-01 9.999999999999996e-01 1.000000000000000e+00
2.879999999999983e+00 1.000000000000000e+00 9.999999999999996e-01 9.999999999999996e-01 1.000000000000000e+00
2.889999999999982e+00 1.000000000000000e+00 9.999999999999996e-01 9.999999999999996e-01 1.000000000000000e+00
2.899999999999982e+00 1.000000000000000e+00 9.999999999999996e-01 9.999999999999996e-01 1.000000000000000e+00
2.909999999999982e+00 1.000000000000000e+00 9.999999999999996e-01 9.999999999999996e-01 1.000000000000000e+00
2.919999999999982e+00 1.000000000000000e+00 9.999999999999996e-01 9.999999999999996e-01 1.000000000000000e+00
2.929999999999982e+00 1.000000000000000e+00 9.999999999999996e-01 9.999999999999996e-01 1.000000000000000e+00
2.939999999999981e+00 1.000000000000000e+00 9.999999999999996e-01 9.999999999999996e-01 1.000000000000000e+00
2.949999999999981e+00 1.000000000000000e+00 9.999999999999996e-01 9.999999999999996e-01 1.000000000000000e+00
2.959999999999981e+00 1.000000000000000e+00 9.999999999999996e-01 9.999999999999996e-01 1.000000000000000e+00
2.969999999999981e+00 1.000000000000000e+00 9.999999999999996e-01 9.999999999999996e-01 1.000000000000000e+00
2.979999999999980e+00 1.000000000000000e+00 9.999999999999996e-01 9.999999999999996e-01 1.000000000000000e+00
2.989999999999980e+00 1.000000000000000e+00 9.999999999999996e-01 9.999999999999996e-01 1.000000000000000e+00
2.999999999999980e+00 1.000000000000000e+00 9.999999999999996e-01 9.999999999999996e-01 1.000000000000000e+00
