0.000000000000000e+00 0.000000000000000e+00 0.000000000000000e+00
5.000000000000000e-02 6.319674734001017e-01 3.600000000000000e+00
1.000000000000000e-01 8.642155429215974e-01 3.600000000000000e+00
1.500000000000000e-01 9.496571902861103e-01 3.600000000000000e+00
2.000000000000000e-01 9.812010751290852e-01 -5.613126695079426e+00
2.500000000000000e-01 9.929150795317191e-01 -5.613126695079426e+00
3.000000000000000e-01 9.973001739791728e-01 -5.613126695079426e+00
3.500000000000000e-01 9.989581405127865e-01 -5.613126695079426e+00
4.000000000000000e-01 9.995923345808642e-01 1.682841570728784e+01
4.500000000000000e-01 9.998381012246148e-01 1.682841570728784e+01
4.999999999999999e-01 9.999346972291530e-01 1.682841570728784e+01
5.499999999999999e-01 9.999732354447011e-01 -3.372153426381578e+01
6.000000000000000e-01 9.999888513818749e-01 -3.372153426381578e+01
6.500000000000000e-01 9.999952802381064e-01 -3.372153426381578e+01
7.000000000000001e-01 9.999979695632574e-01 -3.372153426381578e+01
7.500000000000001e-01 9.999991126364625e-01 6.993816107469092e+01
8.000000000000002e-01 9.999996061947827e-01 6.993816107469092e+01
8.500000000000002e-01 9.999998226145241e-01 6.993816107469092e+01
9.000000000000002e-01 9.999999189460632e-01 -1.227078161163515e+02
9.500000000000003e-01 9.999999624513176e-01 -1.227078161163515e+02
1.000000000000000e+00 9.999999823756018e-01 -1.227078161163515e+02
1.050000000000000e+00 9.999999916235005e-01 -1.227078161163515e+02
1.100000000000000e+00 9.999999959712620e-01 2.027515506263865e+02
1.150000000000000e+00 9.999999980404037e-01 2.027515506263865e+02
1.200000000000000e+00 9.999999990366271e-01 2.027515506263865e+02
1.250000000000000e+00 9.999999995215904e-01 2.027515506263865e+02
1.300000000000000e+00 9.999999997601499e-01 -3.007447213820398e+02
1.350000000000001e+00 9.999999998786662e-01 -3.007447213820398e+02
1.400000000000001e+00 9.999999999380980e-01 -3.007447213820398e+02
1.450000000000001e+00 9.999999999681655e-01 4.191072875454000e+02
1.500000000000001e+00 9.999999999835045e-01 4.191072875454000e+02
1.550000000000001e+00 9.999999999913918e-01 4.191072875454000e+02
1.600000000000001e+00 9.999999999954776e-01 4.191072875454000e+02
1.650000000000001e+00 9.999999999976090e-01 -5.411320935783464e+02
1.700000000000001e+00 9.999999999987284e-01 -5.411320935783464e+02
1.750000000000001e+00 9.999999999993199e-01 -5.411320935783464e+02
1.800000000000001e+00 9.999999999996343e-01 6.648560919478242e+02
1.850000000000001e+00 9.999999999998024e-01 6.648560919478242e+02
1.900000000000001e+00 9.999999999998928e-01 6.648560919478242e+02
1.950000000000001e+00 9.999999999999415e-01 6.648560919478242e+02
2.000000000000001e+00 9.999999999999679e-01 -7.729393092761044e+02
2.050000000000001e+00 9.999999999999823e-01 -7.729393092761044e+02
2.100000000000001e+00 9.999999999999902e-01 -7.729393092761044e+02
2.150000000000000e+00 9.999999999999946e-01 -7.729393092761044e+02
2.200000000000000e+00 9.999999999999970e-01 8.660372771118233e+02
2.250000000000000e+00 9.999999999999983e-01 8.660372771118233e+02
2.300000000000000e+00 9.999999999999991e-01 8.660372771118233e+02
2.350000000000000e+00 9.999999999999994e-01 -9.314812236910158e+02
2.399999999999999e+00 9.999999999999997e-01 -9.314812236910158e+02
2.449999999999999e+00 9.999999999999999e-01 -9.314812236910158e+02
2.499999999999999e+00 9.999999999999999e-01 -9.314812236910158e+02
2.549999999999999e+00 1.000000000000000e+00 9.753353003834592e+02
2.599999999999999e+00 1.000000000000000e+00 9.753353003834592e+02
2.649999999999999e+00 1.000000000000000e+00 9.753353003834592e+02
2.699999999999998e+00 1.000000000000000e+00 9.753353003834592e+02
2.749999999999998e+00 1.000000000000000e+00 -9.900247590872528e+02
2.799999999999998e+00 1.000000000000000e+00 -9.900247590872528e+02
2.849999999999998e+00 1.000000000000000e+00 -9.900247590872528e+02
2.899999999999998e+00 1.000000000000000e+00 9.857466197974592e+02
2.949999999999998e+00 1.000000000000000e+00 9.857466197974592e+02
2.999999999999997e+00 1.000000000000000e+00 9.857466197974592e+02
3.049999999999997e+00 1.000000000000000e+00 9.857466197974592e+02
3.099999999999997e+00 1.000000000000000e+00 -9.578328351906461e+02
3.149999999999997e+00 1.000000000000000e+00 -9.578328351906461e+02
3.199999999999997e+00 1.000000000000000e+00 -9.578328351906461e+02
3.249999999999996e+00 1.000000000000000e+00 9.181757782540304e+02
3.299999999999996e+00 1.000000000000000e+00 9.181757782540304e+02
3.349999999999996e+00 1.000000000000000e+00 9.181757782540304e+02
3.399999999999996e+00 1.000000000000000e+00 9.181757782540304e+02
3.449999999999996e+00 1.000000000000000e+00 -8.627708989695371e+02
3.499999999999996e+00 1.000000000000000e+00 -8.627708989695371e+02
3.549999999999995e+00 1.000000000000000e+00 -8.627708989695371e+02
3.599999999999995e+00 1.000000000000000e+00 -8.627708989695371e+02
3.649999999999995e+00 1.000000000000000e+00 8.033911903894667e+02
3.699999999999995e+00 1.000000000000000e+00 8.033911903894667e+02
3.749999999999995e+00 1.000000000000000e+00 8.033911903894667e+02
3.799999999999994e+00 1.000000000000000e+00 -7.353835406465881e+02
3.849999999999994e+00 1.000000000000000e+00 -7.353835406465881e+02
3.899999999999994e+00 1.000000000000000e+00 -7.353835406465881e+02
3.949999999999994e+00 1.000000000000000e+00 -7.353835406465881e+02
3.999999999999994e+00 1.000000000000000e+00 6.695650603349774e+02
4.049999999999994e+00 1.000000000000000e+00 6.695650603349774e+02
4.099999999999993e+00 1.000000000000000e+00 6.695650603349774e+02
4.149999999999993e+00 1.000000000000000e+00 -6.001940353351146e+02
4.199999999999993e+00 1.000000000000000e+00 -6.001940353351146e+02
4.249999999999993e+00 1.000000000000000e+00 -6.001940353351146e+02
4.299999999999993e+00 1.000000000000000e+00 -6.001940353351146e+02
4.349999999999993e+00 1.000000000000000e+00 5.369917072128391e+02
4.399999999999992e+00 1.000000000000000e+00 5.369917072128391e+02
4.449999999999992e+00 1.000000000000000e+00 5.369917072128391e+02
4.499999999999992e+00 1.000000000000000e+00 5.369917072128391e+02
4.549999999999992e+00 1.000000000000000e+00 -4.731950162635941e+02
4.599999999999992e+00 1.000000000000000e+00 -4.731950162635941e+02
4.649999999999991e+00 1.000000000000000e+00 -4.731950162635941e+02
4.699999999999991e+00 1.000000000000000e+00 4.176250777933637e+02
4.749999999999991e+00 1.000000000000000e+00 4.176250777933637e+02
4.799999999999991e+00 1.000000000000000e+00 4.176250777933637e+02
4.849999999999991e+00 1.000000000000000e+00 4.176250777933637e+02
4.899999999999991e+00 1.000000000000000e+00 -3.627605546889979e+02
4.949999999999990e+00 1.000000000000000e+00 -3.627605546889979e+02
4.999999999999990e+00 1.000000000000000e+00 -3.627605546889979e+02
5.049999999999990e+00 1.000000000000000e+00 3.168087967010268e+02
5.099999999999990e+00 1.000000000000000e+00 3.168087967010268e+02
5.149999999999990e+00 1.000000000000000e+00 3.168087967010268e+02
5.199999999999990e+00 1.000000000000000e+00 3.168087967010268e+02
5.249999999999989e+00 1.000000000000000e+00 -2.717705075064526e+02
5.299999999999989e+00 1.000000000000000e+00 -2.717705075064526e+02
5.349999999999989e+00 1.000000000000000e+00 -2.717705075064526e+02
5.399999999999989e+00 1.000000000000000e+00 -2.717705075064526e+02
5.449999999999989e+00 1.000000000000000e+00 2.354958129518336e+02
5.499999999999988e+00 1.000000000000000e+00 2.354958129518336e+02
5.549999999999988e+00 1.000000000000000e+00 2.354958129518336e+02
5.599999999999988e+00 1.000000000000000e+00 -1.997310544426117e+02
5.649999999999988e+00 1.000000000000000e+00 -1.997310544426117e+02
5.699999999999988e+00 1.000000000000000e+00 -1.997310544426117e+02
5.749999999999988e+00 1.000000000000000e+00 -1.997310544426117e+02
5.799999999999987e+00 1.000000000000000e+00 1.721565600583698e+02
5.849999999999987e+00 1.000000000000000e+00 1.721565600583698e+02
5.899999999999987e+00 1.000000000000000e+00 1.721565600583698e+02
5.949999999999987e+00 1.000000000000000e+00 -1.444161863247351e+02
5.999999999999987e+00 1.000000000000000e+00 -1.444161863247351e+02
6.049999999999986e+00 1.000000000000000e+00 -1.444161863247351e+02
6.099999999999986e+00 1.000000000000000e+00 -1.444161863247351e+02
6.149999999999986e+00 1.000000000000000e+00 1.241396899108877e+02
6.199999999999986e+00 1.000000000000000e+00 1.241396899108877e+02
6.249999999999986e+00 1.000000000000000e+00 1.241396899108877e+02
6.299999999999986e+00 1.000000000000000e+00 1.241396899108877e+02
6.349999999999985e+00 1.000000000000000e+00 -1.029590717084987e+02
6.399999999999985e+00 1.000000000000000e+00 -1.029590717084987e+02
6.449999999999985e+00 1.000000000000000e+00 -1.029590717084987e+02
6.499999999999985e+00 1.000000000000000e+00 8.852000423761893e+01
6.549999999999985e+00 1.000000000000000e+00 8.852000423761893e+01
6.599999999999985e+00 1.000000000000000e+00 8.852000423761893e+01
6.649999999999984e+00 1.000000000000000e+00 8.852000423761893e+01
6.699999999999984e+00 1.000000000000000e+00 -7.248935635263373e+01
6.749999999999984e+00 1.000000000000000e+00 -7.248935635263373e+01
6.799999999999984e+00 1.000000000000000e+00 -7.248935635263373e+01
6.849999999999984e+00 1.000000000000000e+00 6.255970064149605e+01
6.899999999999983e+00 1.000000000000000e+00 6.255970064149605e+01
6.949999999999983e+00 1.000000000000000e+00 6.255970064149605e+01
6.999999999999983e+00 1.000000000000000e+00 6.255970064149605e+01
7.049999999999983e+00 1.000000000000000e+00 -5.045155087991417e+01
7.099999999999983e+00 1.000000000000000e+00 -5.045155087991417e+01
7.149999999999983e+00 1.000000000000000e+00 -5.045155087991417e+01
7.199999999999982e+00 1.000000000000000e+00 -5.045155087991417e+01
7.249999999999982e+00 1.000000000000000e+00 4.391394304276263e+01
7.299999999999982e+00 1.000000000000000e+00 4.391394304276263e+01
7.349999999999982e+00 1.000000000000000e+00 4.391394304276263e+01
7.399999999999982e+00 1.000000000000000e+00 -3.472385132585543e+01
7.449999999999982e+00 1.000000000000000e+00 -3.472385132585543e+01
7.499999999999981e+00 1.000000000000000e+00 -3.472385132585543e+01
7.549999999999981e+00 1.000000000000000e+00 -3.472385132585543e+01
7.599999999999981e+00 1.000000000000000e+00 3.068482399640183e+01
7.649999999999981e+00 1.000000000000000e+00 3.068482399640183e+01
7.699999999999981e+00 1.000000000000000e+00 3.068482399640183e+01
7.749999999999980e+00 1.000000000000000e+00 -2.362513367836065e+01
7.799999999999980e+00 1.000000000000000e+00 -2.362513367836065e+01
7.849999999999980e+00 1.000000000000000e+00 -2.362513367836065e+01
7.899999999999980e+00 1.000000000000000e+00 -2.362513367836065e+01
7.949999999999980e+00 1.000000000000000e+00 2.139566232665889e+01
7.999999999999980e+00 1.000000000000000e+00 2.139566232665889e+01
8.049999999999979e+00 1.000000000000000e+00 2.139566232665889e+01
8.099999999999980e+00 1.000000000000000e+00 2.139566232665889e+01
8.149999999999981e+00 1.000000000000000e+00 -1.586768122280416e+01
8.199999999999982e+00 1.000000000000000e+00 -1.586768122280416e+01
8.249999999999982e+00 1.000000000000000e+00 -1.586768122280416e+01
8.299999999999983e+00 1.000000000000000e+00 1.493063900629813e+01
8.349999999999984e+00 1.000000000000000e+00 1.493063900629813e+01
8.399999999999984e+00 1.000000000000000e+00 1.493063900629813e+01
8.449999999999985e+00 1.000000000000000e+00 1.493063900629813e+01
8.499999999999986e+00 1.000000000000000e+00 -1.049003411222722e+01
8.549999999999986e+00 1.000000000000000e+00 -1.049003411222722e+01
8.599999999999987e+00 1.000000000000000e+00 -1.049003411222722e+01
8.649999999999988e+00 1.000000000000000e+00 1.046542016168075e+01
8.699999999999989e+00 1.000000000000000e+00 1.046542016168075e+01
8.749999999999989e+00 1.000000000000000e+00 1.046542016168075e+01
8.799999999999990e+00 1.000000000000000e+00 1.046542016168075e+01
8.849999999999991e+00 1.000000000000000e+00 -6.788572165955049e+00
8.899999999999991e+00 1.000000000000000e+00 -6.788572165955049e+00
8.949999999999992e+00 1.000000000000000e+00 -6.788572165955049e+00
8.999999999999993e+00 1.000000000000000e+00 -6.788572165955049e+00
9.049999999999994e+00 1.000000000000000e+00 7.401826390065489e+00
9.099999999999994e+00 1.000000000000000e+00 7.401826390065489e+00
9.149999999999995e+00 1.000000000000000e+00 7.401826390065489e+00
9.199999999999996e+00 1.000000000000000e+00 -4.256596132318245e+00
9.249999999999996e+00 1.000000000000000e+00 -4.256596132318245e+00
9.299999999999997e+00 1.000000000000000e+00 -4.256596132318245e+00
9.349999999999998e+00 1.000000000000000e+00 -4.256596132318245e+00
9.399999999999999e+00 1.000000000000000e+00 5.312058485256520e+00
9.449999999999999e+00 1.000000000000000e+00 5.312058485256520e+00
9.500000000000000e+00 1.000000000000000e+00 5.312058485256520e+00
9.550000000000001e+00 1.000000000000000e+00 -2.534002513716582e+00
9.600000000000001e+00 1.000000000000000e+00 -2.534002513716582e+00
9.650000000000002e+00 1.000000000000000e+00 -2.534002513716582e+00
9.700000000000003e+00 1.000000000000000e+00 -2.534002513716582e+00
9.750000000000004e+00 1.000000000000000e+00 3.893826551441997e+00
9.800000000000004e+00 1.000000000000000e+00 3.893826551441997e+00
9.850000000000005e+00 1.000000000000000e+00 3.893826551441997e+00
9.900000000000006e+00 1.000000000000000e+00 -1.367670955249098e+00
9.950000000000006e+00 1.000000000000000e+00 -1.367670955249098e+00
